  -1.0316945049940987E-005
   9.1747760541064250E-007
   5.0082054011738562E-006
  -3.2619438089030554E-006
  -1.3031987157343977E-005
   4.7921790955669265E-006
  -1.2128421752825944E-005
   2.4913444456142568E-006
   7.5400256920228354E-007
  -2.3520231187565367E-006
   7.3415431790962212E-006
   6.6102905106543708E-006
   7.1794891176157200E-006
  -7.0829124271857245E-006
   7.0939597904390826E-006
   3.6857719328329923E-006
  -1.7804813340056933E-006
  -7.3423175626391880E-006
  -9.3378038170615187E-006
   1.1457824678103024E-005
   1.2663841215585468E-007
   1.3625972713400460E-005
  -1.1459481210386439E-005
   1.9793510387037909E-008
   1.1586887330365062E-005
   1.2347431151687061E-005
   7.5657272147850937E-006
  -1.3555710758316624E-005
   3.6272125152562312E-006
   1.3984819376923171E-005
  -5.4229945999557157E-006
   2.5511798794231478E-006
   9.5622939822051847E-006
   1.0445098850581785E-006
  -9.0068282853654133E-006
   8.4673576141200239E-006
  -4.2557716262181002E-008
   1.5283460578478401E-006
   9.5771083589988367E-006
   6.0118732300607370E-006
  -6.3115329583080752E-006
  -1.3247466053894672E-005
  -7.2825031096652049E-006
   1.0835735293687320E-005
   5.0776939263890396E-006
  -7.2565078552142351E-009
   9.6761169189295282E-006
   1.5720853765850652E-006
  -2.5545377666827363E-006
  -6.9404659096010315E-006
   1.2910663572140036E-005
  -5.0610103479399506E-006
   4.2351035964851257E-006
  -7.0604352772790950E-006
  -8.3089952259090107E-006
  -2.0580778069986773E-006
  -1.1419139833229990E-005
  -3.7705135250262669E-006
   7.9282855787378859E-006
  -1.3355979885712986E-006
   4.2460861098851319E-006
   1.1449808091819553E-005
   8.8917197956657999E-006
   1.2638286558667566E-005
   9.0915221938429880E-006
  -5.8991470187974918E-006
  -1.1103852243999159E-005
   1.0543838474355929E-005
   1.0339382145526429E-005
   5.7829894873524801E-006
   1.0808864566216100E-005
   4.6950073123649960E-006
   1.1665748566738222E-005
   1.3702148402905401E-005
  -5.1594972480208849E-006
  -1.6876888232536438E-006
  -3.7755803966565407E-006
  -9.6990804427362970E-006
  -1.3983344042759415E-005
   6.3653793174250559E-006
   9.4197540045377198E-006
   3.6280059722854779E-006
  -1.1730301827378464E-005
   1.2531261412453403E-005
   5.3807296617079323E-006
   7.9482192792490816E-006
  -8.5689143918177193E-006
   1.3530597652606103E-005
  -1.0179264996577658E-005
  -9.0473499069672076E-006
  -1.1154153795691008E-005
   5.4882030348496740E-006
  -1.2419663397903618E-005
   2.4636878905083016E-006
  -9.9947347388648416E-006
   1.0086318944261055E-005
   6.6919021437491025E-006
   7.9935073650722402E-007
   5.0634002557708307E-007
  -3.6336679366876868E-006
  -6.7490863629650778E-007
   4.8099498627339737E-006
  -1.1004791231981198E-006
  -1.1078491182966999E-006
  -2.7486810614806576E-006
   1.1678838700372165E-006
  -1.3581385578198091E-005
   5.4326610428024041E-006
  -1.3381661381314650E-005
   5.8191318365043935E-006
  -6.1736726604994007E-006
  -1.3880891764880875E-005
  -9.4337339163066232E-006
   2.3740386902951910E-006
   5.8609542698704817E-006
   8.8460960164841139E-006
  -5.3152751788409624E-006
   5.8687591404562450E-007
  -1.2452194182428419E-005
   6.2653846582536900E-006
  -6.2148284755200039E-007
  -1.4982919655164928E-006
   1.3632720912846313E-005
   9.9733924613918702E-006
  -2.8975295947352223E-007
   5.0212974421564270E-006
  -1.0569807979600421E-005
  -1.0473884556075515E-005
  -4.0061063665335029E-006
  -6.7476043530811242E-006
   8.7653407829233528E-006
   7.2972831541835530E-006
  -6.6186361145761713E-006
  -8.1322555336672472E-006
  -1.3829782451045070E-005
  -1.9065723371053129E-006
  -3.4913215549059635E-006
   1.3253688778793512E-005
  -6.9956540884778080E-006
  -1.2550353972219652E-009
  -7.5439910698204410E-006
   4.2734088789811876E-006
  -7.7055702014925710E-006
  -9.3540324928628304E-006
   1.2576396910386322E-005
   1.1592695206937313E-005
   6.2124061427624479E-006
  -1.2170024841099813E-005
  -9.0324496994852958E-007
   6.8116645641010283E-006
  -3.5694475083830309E-006
  -6.8611917322499100E-006
   7.3745345883146837E-007
  -1.1054825754865127E-005
  -2.1310701316434909E-006
   1.2186759917961858E-005
  -7.7336215777645215E-007
  -7.9411897458805990E-006
   4.7269630312784562E-006
   8.2698688298285961E-006
  -6.5486678911810467E-006
  -8.7689122932292770E-006
   8.2839545994463533E-006
   2.9680328294205000E-006
  -5.8109006735002728E-006
   9.3614768745579023E-006
   8.4583587432931345E-006
  -1.2840233770376936E-005
  -8.5404491208934934E-007
  -1.5534667929528734E-006
  -1.3114118542939838E-005
   9.0409469376230220E-006
   1.0227870915339218E-006
   1.3645091976047501E-005
   1.0290395710713584E-005
   1.3932754481424739E-005
   1.1629638642512985E-006
  -1.2849906888943823E-005
  -1.1296934099285600E-005
   1.7215414003776469E-006
  -1.3361614193560089E-005
   1.1791284531387095E-005
   2.4084396301497432E-006
   5.3515376909564396E-006
  -1.1834923714321350E-005
   9.2751655344437862E-006
   4.6773757816477926E-006
   2.0043106028497584E-006
  -9.7659311047989606E-006
  -1.3113617863924989E-005
  -5.0220174662634958E-006
   7.6168441580154109E-006
   9.5755862947936952E-007
  -6.1570968472477935E-006
   1.2271108596337765E-005
   2.7293281486266870E-006
   5.0817451348749050E-006
  -7.5524492073112933E-006
  -6.9601859870658915E-006
   1.2206199615178402E-005
  -6.1900014721036822E-006
  -1.7782516434595649E-006
  -5.6822061395234375E-006
  -4.7387666582628151E-006
  -4.1199207201890204E-007
   1.3281738247716834E-005
  -3.7129487897590062E-006
  -9.5317668674140942E-006
  -8.9316463244956592E-007
   1.1134387941859076E-005
   7.5612945365736289E-006
   1.0125404332345968E-005
   2.4321327148067208E-006
   7.1876144227709868E-007
  -4.5336284522988057E-006
   5.8831786960839016E-006
  -1.1484114617917019E-005
  -1.1300004930576675E-005
   3.7857475185180782E-006
  -3.2866573250760114E-006
  -1.1848996132498711E-005
   1.1443332643227503E-005
   8.2397804052219449E-006
  -9.5996856447084361E-009
  -1.1750983208551834E-005
  -8.4537648941226040E-006
  -3.2951288140072596E-006
   5.5458545544795085E-006
  -1.3730981792114830E-005
   4.1018638507277737E-006
  -3.4338102254002868E-006
  -1.3843534434652928E-005
   4.6288108708817353E-007
  -5.8520097584794902E-006
  -3.4491376789748699E-006
   4.6472492100685815E-006
   1.7055997805448487E-006
   9.5772285219624005E-006
  -3.5459422975659110E-006
  -8.3314189700540563E-006
  -2.1685342733946062E-006
  -8.9265193713836035E-006
   3.5792465119593650E-006
   6.9527091804441436E-006
  -1.1071782084168019E-005
   2.2759799899812420E-006
  -1.3470354999865135E-005
   1.3096248593644135E-005
   6.1542529904434502E-006
   4.0047454732874271E-006
   4.5961189153978683E-006
  -1.6136350590973498E-006
   1.2649087873947912E-005
   1.2036918609746421E-005
   1.2360008208540073E-005
  -7.0847415745199736E-006
  -9.4371785879287856E-006
   3.4507942112582853E-006
  -1.0763016673570624E-005
   3.6050834564742111E-006
  -1.3096461263016157E-005
  -3.6165580658202405E-006
  -1.6065387685268873E-006
   1.1122852297356951E-005
  -1.3075906720526548E-005
  -6.3716010886495818E-006
  -1.3803780520873902E-005
   1.2881530729196011E-005
  -1.0161387417887443E-005
   5.1903724539365849E-008
   7.4071788600828508E-007
  -1.0543565723502126E-005
   7.8304328720757606E-006
   2.2671356143932203E-006
  -5.8214616628534917E-006
   5.5898933269513291E-006
  -9.2410993342734475E-006
   1.3964591944723263E-005
  -9.3912162543656301E-006
   1.2020996063399902E-005
  -8.0103635585721629E-006
   3.2637672341914205E-006
   1.1419734926001925E-005
   8.1519279274164073E-006
   6.9431304756343432E-006
   4.3296050916078604E-006
  -7.9786271847509223E-006
   1.1602302521976533E-005
  -1.0370944950622522E-005
  -3.8586397073599220E-006
  -1.8094940139861543E-006
   6.8482398813914970E-006
  -6.9452590767031877E-006
  -3.5374708086346627E-006
  -1.1722858399357706E-005
  -1.2725431410132116E-005
  -1.0046978925134305E-005
  -2.8219938206949747E-006
  -1.2495653120917329E-005
  -2.4197750030459288E-006
   3.9851035971163150E-006
   2.4023971496962490E-006
  -1.1177345247658822E-005
   1.1564056367287939E-005
   8.7718353050016823E-006
   8.8412570730148857E-006
   1.1179481478122179E-005
  -1.1625366181586272E-006
  -5.4898919920597653E-006
  -6.3036823113552399E-006
   3.5782527833241786E-006
   1.0021884892910064E-005
  -3.1664409557506223E-006
  -1.2073907821689165E-006
   1.2933773008116847E-005
   3.8524913690575740E-007
   1.3709779704766016E-005
  -7.1035938083590950E-006
   5.0038604609992793E-006
   2.3807620942088801E-006
  -6.8212642497457367E-006
   3.1002445142673616E-006
  -6.9036292855485272E-007
   1.3864135707183922E-006
  -7.0044326605381638E-007
   1.1703351944939181E-005
   1.3920946086068810E-005
   9.6971053832320062E-006
   4.3756275066527978E-006
  -9.5382957217677276E-006
  -1.2239191978071179E-005
  -3.2265624918537128E-006
  -5.2083835470307597E-006
   1.1786197632596227E-005
  -9.0634317169241635E-006
  -4.9446658963293953E-006
  -1.1377977342489189E-005
   1.0705806705148171E-005
  -1.3158879246867356E-005
   1.1570251435631673E-005
  -3.6265849975576202E-007
   2.3257751406123572E-006
   7.0934257328232435E-006
   1.3077054944400602E-005
  -1.2721586195298075E-006
  -5.3799562318392795E-006
   1.8217105819484745E-006
  -4.6600465656881267E-006
   3.9585151572420381E-006
  -4.6171150090948583E-006
  -2.4858379301252297E-007
  -1.3953403437671433E-005
  -5.0854568353049870E-006
  -9.3686256172156347E-006
   1.3783960307606072E-006
   4.7731056092869574E-006
   1.1255897493554247E-005
  -7.4494027903351323E-006
  -3.4988784701700873E-006
   1.3771369899312665E-005
   3.9666194815623970E-006
   1.2067298858693155E-005
   3.6159515289565375E-006
   1.3308227505462455E-005
  -1.3094518628438542E-005
  -6.3552856284856962E-009
  -9.2056445843019270E-006
  -8.1182098183706780E-006
  -1.3192758526872151E-006
   1.1702938050286906E-006
  -2.6110076838375268E-006
  -8.0130605495321505E-006
   1.1264503450563769E-005
  -1.2494945494576342E-005
   8.2890624790721290E-006
   1.1801097840078139E-005
  -1.1954926460600404E-005
   2.5098037656360109E-006
  -6.5594491793007992E-006
  -1.7278633074051426E-006
   1.0980171175891014E-005
   8.4456138397608592E-006
   1.8325519515500089E-007
   1.1014224978295271E-005
  -1.3428718532990276E-005
   1.9216928433537584E-006
  -1.2784598318246894E-005
  -8.1981448920214004E-006
  -5.7995786520444832E-006
   1.3577814067892166E-005
   6.0404586639485267E-007
  -8.3887367036739914E-006
  -8.4709882522334161E-006
   8.0976085458396834E-006
   2.7076721123044101E-006
   1.2721900907821694E-005
   7.5150260735556799E-006
  -2.2385692539917106E-006
  -1.0070857976282512E-006
   1.3495676006576108E-005
   1.1949539154400626E-005
  -5.7159986351656587E-006
   1.1845710724486987E-005
  -6.6390771698224141E-006
  -2.2771615924562861E-006
   7.8461952011375270E-006
  -2.1018905586580802E-006
   1.2454690901782467E-005
   8.3596439150511546E-006
   9.2037276989307901E-006
  -1.1367997140793195E-005
   3.3527469550361042E-007
  -1.1613283128027911E-006
   6.6947135756267699E-006
  -1.0355030033670515E-005
   5.0608177057285229E-006
  -7.9313096799875750E-006
  -8.5335864805299606E-006
   9.4964713810530114E-006
   9.4036597968146819E-006
   6.3065662224807712E-006
  -6.2002286754470016E-006
  -4.1728858842398665E-006
   8.4436836029493263E-006
   7.1436691103819380E-006
  -4.0529298680021990E-006
   1.0608592960276424E-005
  -9.7896098843412282E-006
  -1.3379278149203968E-005
   9.2212657695652216E-006
  -1.3149386372745815E-005
  -9.6583652252487610E-006
   2.0805740303915868E-006
  -6.2902641137572816E-006
  -5.5196122983812131E-006
   3.4238967809062729E-006
   5.4996852735902154E-006
  -4.8204707977660046E-006
   6.3966827231077411E-006
   2.3850822388512931E-006
  -9.4490747213216023E-006
   5.3971996171106856E-006
   5.7909393164339712E-006
  -3.2984132683446703E-006
   8.4142913605918940E-006
  -1.2547536818296101E-005
   7.9008941450912223E-006
   3.2515430368345883E-006
  -8.7954349295758880E-006
  -4.3569021114974382E-006
  -1.2271081893456973E-005
   4.2347106826677583E-006
  -1.3319817509400479E-005
  -8.8743953480777040E-006
  -1.4197921717083381E-007
  -3.2438993372078907E-006
   1.2149957626184657E-005
   8.6544036646731687E-006
  -4.9586048001027967E-006
   1.3549535717133484E-005
   3.5663299470505699E-006
  -9.1929340130449556E-006
   1.9860067317411861E-006
   8.5607757352220565E-006
   1.0663127872248112E-007
  -9.0779647597951860E-006
   1.2849613157255111E-005
   1.3452470745454722E-005
   1.2961811032948401E-005
  -4.1705293550099764E-006
   5.7079734658133617E-006
   2.5097770627552189E-006
   1.3520656551556983E-005
   4.3582382092113500E-006
  -1.0554046604212969E-005
  -7.4457645228272282E-007
  -1.1279417009486077E-005
   7.9790344036829997E-006
   1.2076244323758461E-005
  -1.0549694034643880E-005
   8.2313098699650106E-006
  -6.0331420746115305E-006
  -9.8934173334199599E-006
  -7.6681995198242276E-006
  -8.7984456793851811E-006
   1.3029003110415476E-005
   7.7762393755084844E-006
  -4.4566774255765844E-006
   1.5479659995097303E-007
  -3.3486547385547369E-006
   7.4953460504120079E-006
   2.6283779077926946E-006
  -4.8766403075118855E-006
  -2.7238273551835439E-007
   1.3996501887269652E-005
  -1.2678788153108766E-005
  -1.1431142778145975E-005
   1.2556461302526498E-005
   6.6416740249794319E-007
   2.2155113164278560E-006
  -5.3895759446445819E-007
  -2.3182039202335235E-006
   1.1646501511733106E-005
   8.5016441130568964E-006
  -8.3350639132821584E-006
   1.3611139263120528E-005
  -6.4482250050821015E-006
  -4.0983314410687234E-006
   5.2456817494512392E-006
   6.0994853819391470E-006
  -6.7340326139186122E-006
  -9.6531514877741314E-006
  -4.1475181474875077E-006
   1.0082006429013154E-005
   9.1352424390939331E-006
   4.4207286723104127E-007
  -1.3317741360418904E-005
  -3.7193975354702638E-006
   1.0027259801343759E-005
  -4.3022079359153129E-006
   4.2932224165288194E-007
   6.8346023387013191E-008
   3.1619338909426656E-006
  -1.0601043674406813E-007
  -1.3944791758616027E-005
  -1.0946919413584830E-005
  -1.0995204897776886E-005
  -1.8280258132557722E-006
  -7.0348872960813904E-006
   1.0130271886044616E-005
  -1.3807038272330521E-005
   3.9869079489184001E-006
   7.1145419894837972E-006
  -1.3263194050681134E-005
   1.8535070372514969E-006
  -6.9559001746987825E-007
   1.2274372069840268E-005
  -9.9261951195920867E-006
   7.4134807399497526E-006
   7.7124595447368959E-007
  -9.6840467208504253E-006
  -6.9431094947994352E-006
  -3.8394069574695152E-007
   7.9085254469518380E-006
  -9.5684566256222427E-006
  -3.6506042388299853E-006
   3.7305717374073837E-006
   1.3013288465069410E-005
   1.1980848282129196E-005
   7.0928458988403324E-006
   7.9100265303220715E-006
   7.2198371704923665E-006
  -9.1786880261424467E-006
   1.5594282110896777E-006
  -1.1498454064902300E-005
   6.1860294185858786E-006
  -1.3298989262382752E-005
   1.3245296444830326E-007
  -1.5898227651511224E-007
   8.7136115807834487E-006
   1.1585218400315565E-005
   1.0031677220766200E-005
  -1.2825253454252649E-005
   9.0084304582129307E-006
   1.0925750704837006E-005
  -2.6656818322590582E-006
   8.3325195102124106E-006
  -1.3630024875560640E-005
  -3.3473730002767229E-006
  -7.8105392258857528E-006
  -1.6902522998096716E-006
  -9.0444659958416763E-006
   3.9243278404338215E-006
  -6.6415538620158681E-006
   8.1651992591700098E-006
  -5.7242030952889874E-006
  -1.3749113048172569E-005
   9.0973510512501465E-006
   4.6154060247241731E-006
   7.6367568776916986E-006
   6.8633613413142565E-006
   1.3513492550110227E-005
   8.8116493002624897E-006
  -1.2227729766491231E-005
   1.1931114166654176E-006
  -3.9692697424809987E-006
  -4.9460677975709730E-006
   7.2724494750470332E-006
  -4.4715442544575063E-006
  -3.1067933957815890E-006
  -1.2600114790575464E-005
  -1.1660700768594229E-005
  -1.9134883832304297E-006
  -1.7080030398161248E-006
   4.6041374090299673E-006
  -9.9111613977062151E-006
   1.1976375549596543E-006
   1.1843194931646659E-005
   1.0253166172843713E-005
  -7.6946153446476708E-006
  -1.1620085686909662E-005
  -7.8435907165859972E-006
   9.4933414219544685E-007
   3.0436401290342974E-006
   7.4444961359896103E-006
   8.1766757758646672E-006
  -5.5704679348494946E-006
  -4.1253547564301836E-006
   1.3603729213700760E-005
   8.9363860858362315E-006
  -4.8921346540914184E-006
  -1.2944007840854678E-005
   1.3750843013378162E-005
  -1.1629511803829223E-005
   2.0050659129064452E-006
   1.3843742335653379E-005
   9.8537902583246961E-006
   7.5109329033999986E-006
   1.3998245203915641E-005
   4.7740211366283959E-006
   5.1758460867857604E-006
  -1.3365058865182251E-005
  -3.6740560438855213E-006
  -6.4957094028503986E-006
  -1.3890464747644791E-005
   1.0081018422423852E-005
  -5.0206556193431061E-006
  -4.2028131378874520E-006
  -5.0537471643645384E-006
   3.7195968534018894E-006
   2.9112815783430800E-006
  -8.6061248562013110E-006
   5.9939956513705220E-006
   1.3405860867032361E-005
  -6.4991206958715710E-006
   1.0936712237402104E-005
  -3.1552324215381984E-006
  -1.3717770541843009E-005
  -9.6882858031761485E-006
  -1.3993170702890855E-005
  -5.8910026401559450E-006
   1.1345165224041758E-005
   9.0557346115358820E-006
   1.1031133623882463E-005
  -1.1885191887412209E-005
  -6.6229419541038743E-006
  -1.3112055745398660E-005
  -1.0412307712969263E-005
  -8.3840570238152010E-006
   6.2548560938271471E-006
   1.5462770422996390E-006
   9.4935283421200122E-006
   5.6902904366832024E-006
  -9.0692195663358201E-006
  -1.0074249242143091E-005
  -1.1548568696428604E-005
   1.3500167812595040E-005
  -2.5076541837322584E-006
  -7.6838006779269283E-006
  -6.4062013464357597E-006
  -1.1542066544955763E-005
  -1.1533788651910256E-005
   3.0836410444606485E-006
   1.0981346102645860E-005
  -2.6108808451537650E-006
   1.0268873188795267E-005
   1.3694259608980006E-005
   1.1220470400137832E-005
   1.0369029972600013E-005
   6.6584434341167807E-006
   5.0070381038135221E-006
   7.1196689425958529E-006
   5.0215034358082507E-006
  -4.2196760071075727E-006
  -1.3037434545025537E-005
  -6.2010497890313543E-006
   7.8858222762327908E-006
  -1.1757411927102498E-005
  -9.4962386845203958E-006
   6.7776527233665874E-006
  -9.1638812787433067E-006
   1.3194461789196952E-005
   9.2062644726060260E-006
   4.3035831342760986E-006
   8.9733829271734875E-006
   7.5836982535580806E-006
  -1.1453165979079141E-005
   1.2180051772837193E-006
  -1.1202959986058507E-005
   1.1919864624446250E-005
  -1.2926303830889611E-005
  -1.0070711110438156E-005
  -1.2123001068025177E-005
  -1.0494866344657795E-005
  -2.0474033304020926E-006
   5.3255023821842818E-006
   3.5041656405668947E-006
  -1.3248640980649518E-005
  -1.3098170247386842E-005
  -1.8110895111134737E-006
  -1.3859188998517212E-005
  -4.7652492402882381E-006
   4.1257018938804790E-006
   3.3832206640656108E-006
  -7.8098850053063499E-006
  -6.9871425452253718E-006
  -2.9721174165073553E-006
  -3.9940967458973204E-006
  -5.5159339765521211E-006
   1.1502172441052580E-005
   6.8445281809614150E-006
   1.2936344114067386E-006
  -7.3981666378155654E-006
   1.2247943847250743E-005
  -2.3223295153158808E-006
  -2.2949056567425413E-006
  -2.4744090971462723E-006
   4.1356964006911828E-006
   3.2057418742304986E-006
  -2.5779828960180743E-006
  -7.2429628189325150E-006
  -7.6911706730255084E-006
   4.0532436268515045E-006
  -3.5918445496472846E-006
   1.3960573161164074E-005
   2.8584022449804937E-006
   2.5981235438554077E-006
  -7.6760501667770629E-006
  -1.0473510715744427E-005
  -1.3971394503605014E-005
   4.3289642224688535E-006
  -2.0738258309457337E-006
  -3.1123742978671079E-006
  -1.0652586910055487E-005
  -2.3269824922938793E-006
   8.8793220295838200E-006
  -7.7760524553429407E-006
   1.2798824277988809E-005
   5.3016891345637404E-006
  -6.6905669997095046E-006
   3.3584346686447910E-006
  -1.0777416202037687E-006
   1.2345161406819745E-005
  -6.9606733146403447E-006
  -6.8166446513687282E-006
  -9.1425723798713252E-006
  -3.0682744902391914E-006
  -1.3658029521791204E-005
   1.0772356006127611E-005
  -4.7558698534100633E-006
   6.2962913354217519E-006
   8.6579093714514270E-006
   5.7095432137342032E-006
  -1.2293345420317267E-005
  -6.0447311248752397E-007
   1.2823377576877014E-005
  -6.0261659470046318E-006
   6.9273071114164808E-006
  -1.2203657119457282E-005
  -1.4024486506339622E-006
   9.0869903335028673E-006
  -2.2343635502669774E-006
   2.8408584523001781E-006
  -5.9526729433449690E-006
  -1.4327764474934271E-006
  -6.5505037142354937E-006
  -8.8504628911679128E-006
   1.3450168575660729E-005
   2.6709823540962616E-006
   1.1431014985787899E-005
   9.9464683281590659E-006
   2.2490234318217617E-006
   1.0015783284649101E-005
  -1.0190433476468894E-005
  -4.0534505741776422E-006
   4.3725700268021188E-006
  -1.3976187670707171E-005
   2.3541259706189033E-007
  -1.2756179777364055E-005
  -9.2711801294855867E-006
   6.1333770597100240E-006
   5.0459365717328911E-006
  -3.5913839249536233E-006
  -6.0294904556632304E-006
   1.0653381320759048E-005
  -7.3827590755986064E-006
  -7.0413894475542319E-006
   1.0083614323906556E-005
   3.2975654518795257E-006
   1.0406932804535567E-005
  -9.7689151517274617E-006
   6.2385005793420736E-006
  -1.1267374010248904E-005
  -5.0556697717815593E-006
   1.5495214423158618E-006
  -2.0141982981372944E-006
   5.5177097181247862E-006
  -5.1120061745323899E-006
  -3.4078416738301089E-006
   2.7324600150738579E-006
  -1.0300582859735716E-005
  -7.2897729689608151E-006
  -1.2377860038023810E-005
   3.9297161003079128E-006
   1.5638608893011425E-006
   1.1748352021119512E-005
  -1.3676000560564191E-005
  -7.3606157117018763E-006
  -1.2733869520462375E-005
  -2.3505210817119891E-007
  -6.3518810111847217E-007
   1.0241603825460795E-005
   6.6400527786456345E-006
   5.6808910226444336E-006
  -1.3449059452433549E-005
  -1.0462168667128044E-005
   1.2602865187297035E-005
   1.3034637418262579E-005
   1.3402168240088559E-005
   4.6535911442566712E-006
  -4.2001428498082563E-006
   5.8000659796189364E-006
   1.2165658920090328E-005
   1.1814563721391797E-005
  -4.7546214937330394E-006
  -4.5581817511870099E-006
   1.0588073703736434E-005
   1.0363121006550478E-006
   3.1646652141779572E-006
   3.3882293615627307E-006
  -1.3997409785216578E-005
  -1.1210363359758077E-005
  -1.2195866553986229E-005
  -8.6854924936352043E-006
  -1.3759073222707969E-005
   9.7167968504674462E-006
  -1.3548100437290917E-005
   1.4585580788980613E-006
  -3.0764589232019262E-006
  -1.1086835833214485E-005
  -3.5110416323708236E-006
   2.4211578308012266E-006
   1.0326177570974806E-005
   2.3998947082963171E-006
   4.6394519688773301E-006
   1.4779577217934178E-006
  -1.2326884238591965E-005
  -7.1566591082129110E-006
   2.2548847141555962E-006
   3.2530784524801258E-006
   1.2087526290893063E-006
   5.3204822405953939E-007
  -6.7812232799981977E-006
   4.8673877593174725E-006
   1.3206390347516445E-005
  -8.3866138246510308E-006
  -6.1685256802267510E-006
  -4.7456893801081299E-006
   4.4155807383634491E-006
   1.0954357119559704E-005
  -1.0583519908887091E-005
   8.0302371776015766E-006
  -6.2631473383130496E-006
   4.7806434510648012E-006
  -7.9034051695599803E-006
   1.3706441844667022E-005
   4.2610854994956995E-006
   1.3981742823586212E-005
  -4.6503667714010424E-006
   2.7178459098861456E-006
  -2.2550716343211399E-006
   1.0477828953038212E-005
  -5.8855285495935938E-006
  -9.1992158657512634E-006
  -1.0815467807166225E-005
   1.3710266078666156E-005
  -1.5226650199593513E-007
  -5.6036662913940948E-006
   1.4751605950304603E-006
   1.3516551937309534E-005
   1.3781877482904300E-005
  -9.9924449668369313E-006
   1.3009963956410811E-005
   6.8692169016022070E-006
   9.5376682040691167E-006
  -2.7530269553295485E-006
  -3.7918624782194363E-006
   1.3499574627171733E-006
  -1.2542877165597904E-006
  -3.0458974761355317E-006
   4.4333114512093083E-006
  -1.2974395719195925E-005
   6.5170440509288580E-006
  -5.9413642733295753E-006
   1.5489540060990327E-006
   1.3152570691280256E-006
  -1.0037733052660090E-005
  -2.0170555063820338E-006
   3.9263915916493142E-007
  -3.6446428206931810E-006
   6.0463065948419652E-006
   9.0201453934860877E-006
   1.4979314766258014E-006
  -1.2124643295193882E-005
   8.7173957604613946E-006
  -9.8552789439288477E-006
  -9.2065391308084575E-006
   6.7947215862385318E-006
   7.4741496851090782E-006
  -8.7325830239118199E-006
  -5.1980228292834805E-006
  -1.0148082707532851E-005
   1.3869115794451622E-005
  -1.9372072170938852E-006
   6.7295875379410654E-006
   8.3599109438590741E-006
   4.3946933635382549E-007
   9.2404651408546385E-007
   9.7369117490983016E-006
   4.5223007087971320E-006
  -1.3547773327001215E-005
  -4.5345964317275141E-006
  -9.2483291392478698E-006
   4.4938411599187902E-006
   6.8451957529812139E-006
   1.0896858187820109E-005
  -8.2181653768951700E-006
   8.4316139008313619E-006
  -5.9051084369342961E-006
   1.0829452487306698E-005
  -8.6567001124212770E-006
   2.6001663142359924E-006
   8.2093333990732303E-007
  -1.2539986578752175E-005
  -6.9293975655127654E-009
  -1.3691434825661942E-005
   3.7357330227947433E-006
  -1.1592648476895927E-005
   3.7676353359466196E-006
   1.4298725092073018E-006
  -5.5538854458776895E-006
  -8.4208535935465173E-006
   2.3766555726128027E-006
  -1.6775484042728982E-006
   1.3964599574117775E-005
   9.8115596523522166E-006
   9.7050952666346852E-007
  -1.1608983964220406E-005
  -4.9056463117721485E-006
   4.5177345161817074E-006
   5.8146400304854608E-006
   2.9193115160669469E-006
   1.1713867157925328E-005
   9.0052127610774999E-006
  -1.1696329087290897E-005
  -5.7223205421931544E-006
  -1.0188898060823357E-005
  -3.1244506757052704E-006
   1.0698842975307354E-006
   3.7948875331434394E-006
   6.7437057324854985E-006
   1.2638294188062078E-005
  -7.6702155873240203E-006
  -7.5778770255454340E-006
  -1.0647473308383827E-005
  -1.3253006901659003E-005
   1.0084930394459873E-005
   1.0915931674100078E-005
  -7.1468992052834508E-006
  -3.5844745545487045E-006
   1.1149974794847067E-005
  -6.8428802317468257E-007
  -2.3745603501449481E-006
   9.7335281126322351E-006
  -1.3303929295329264E-005
  -2.1649160330472960E-006
  -1.0506054851709625E-005
  -1.3776229823616801E-005
  -7.0066289724833022E-006
  -1.1291500063044437E-005
   1.8373918486935511E-006
  -9.8544311274637031E-007
   2.2444381657200571E-006
   1.3878635371453955E-005
  -3.3395824348056696E-006
   7.6949615284236522E-006
  -3.7399787808406644E-006
  -1.1656087845937418E-005
  -4.9363479489627007E-006
   1.5537605246415849E-006
   9.7575187436751802E-006
  -5.4158382279034713E-006
   8.6374282618839962E-006
  -1.3652295078141132E-005
   1.3665046657393605E-005
  -9.5644912478246372E-006
   1.3671707118802570E-005
  -1.0376646015671604E-005
  -9.6287183518494910E-006
   4.7296409487521639E-006
   8.1889457495885713E-006
   1.3820495570575353E-005
  -2.4774599012767533E-006
   8.9308662189068085E-006
   3.5334396273093913E-006
  -6.0365066375913171E-006
   1.3855716670339944E-005
   9.5157394168930362E-006
   5.6451415873098876E-006
  -1.2982192960387176E-005
  -1.3811143840252284E-005
  -5.3359031542527489E-007
   5.7810058447793633E-006
  -1.3387422527845515E-005
  -4.1248741045759284E-006
   7.9159545698578859E-006
  -1.0742502185402203E-005
   1.0760826083671370E-005
  -3.8697814843703660E-007
  -9.3247928383956378E-006
   9.3895206214353408E-006
   9.4493884801709078E-006
   7.1569461641814245E-006
  -7.8691453735038998E-006
   5.0202941767781006E-006
   5.4365730148384257E-007
  -1.2503076521777493E-005
  -1.3784454310900723E-005
  -2.3103933276018762E-006
   1.2052219360440212E-005
  -1.1424987764123429E-005
   5.6333331919539587E-006
  -6.6513204406655263E-006
  -4.8094425079989265E-006
   1.3749046290970589E-005
   1.3511404003362570E-005
   4.2425136459048936E-006
   1.0771795245630980E-005
   7.4618530085043822E-006
  -6.3026141961235616E-006
  -3.7751865291648593E-007
  -1.2304200141359197E-005
   4.5617198828919441E-007
  -1.6865539508199856E-007
   1.2537395445641041E-005
  -3.2440261758916525E-006
   8.3292293338291159E-007
  -1.2597651449822406E-005
   9.1788825757025023E-006
   5.2767429218581689E-006
   6.6142844986813963E-006
   1.0880016299434896E-005
  -4.1715774430810607E-006
   9.6874770873578778E-006
  -6.4591197804452199E-006
  -8.9831828844241356E-007
  -9.6958427184402722E-006
  -1.3074498143564772E-005
   1.2750099149938000E-005
   1.0940643282924406E-005
  -9.5265130756182767E-006
  -1.0348040554623221E-005
  -1.3916012728842496E-005
   5.8749465794054670E-006
  -8.9349174273926739E-006
   4.2576408278735371E-006
  -3.1971893229825604E-006
  -9.8690776575780913E-006
   2.5230350430684254E-006
  -9.8517608393845074E-006
  -1.0029047940682506E-005
  -3.2159614481793060E-007
  -1.0471140835074141E-005
   3.6195354370285437E-006
   3.4057521734081383E-006
  -6.5991496873182409E-007
  -1.3205495801009914E-005
  -1.0023413632835403E-005
  -9.4584407567593811E-006
  -6.9143972222278837E-006
  -1.2513971297140611E-006
   8.6504440089214471E-006
  -7.9730462826654034E-006
  -6.9964885535025566E-006
   7.1636161623335297E-006
   3.7166805173496822E-006
   5.2914619312204210E-006
   1.0479145023591530E-006
  -2.4072046219131152E-006
  -1.6789236026336840E-006
   6.0379829254293867E-006
   6.7680396862814830E-006
   6.9964217963005768E-007
   5.0973739495327117E-006
   1.0244712803724430E-005
  -7.9651088513499942E-006
   4.1046333209356252E-007
  -9.0911292800256206E-007
  -8.0774745737225481E-006
   3.6536674407265483E-006
  -1.3975393260003610E-005
  -5.0630330911599413E-006
   5.8497733922131638E-006
  -8.0121393001448280E-006
  -3.1129550855243330E-006
  -3.0841026228286238E-006
  -6.0470208969031500E-006
  -2.1711311285516240E-006
  -1.3683150256896238E-005
  -7.1664857683443510E-006
  -2.8519811558243421E-006
   9.1939277416801420E-006
  -7.8565082351691063E-006
   8.2535533696647106E-006
   2.7500629355616413E-006
  -4.7693414567696055E-006
  -9.4727468251436719E-006
   8.7714347617898029E-006
  -5.1518001426326034E-006
  -5.2993135318475703E-006
  -1.9362659405459687E-006
  -2.9955091400811094E-006
  -3.1407260815479680E-006
   4.9346313351975035E-006
   1.2324562041637378E-005
   4.8006439087779768E-007
   2.9579124376003484E-006
   6.3861274558004062E-007
  -6.3221340019824820E-006
  -1.2389602629852073E-006
  -9.4990358112833533E-006
  -1.7741260483772076E-006
   7.1081542789286356E-006
  -1.2065029113825839E-007
   1.1292427034477644E-005
   5.1739501822495315E-007
   1.0825147601453309E-006
  -3.5865306763696852E-006
  -1.3738271678571034E-005
   7.7246436877725401E-006
  -1.2022224395916332E-005
  -5.6833810662782836E-006
  -1.1994733780141013E-006
  -9.7912788143907255E-006
   1.1870031326842575E-006
  -1.3178051915275981E-005
   2.1328391974959580E-006
   1.0154638264767276E-006
   1.3253955807601431E-005
   1.4801340065779623E-006
   9.4668464421629635E-006
  -6.9572286430181823E-006
   1.1141597719672904E-005
   5.4559783797796663E-006
   4.6340904118840308E-006
  -1.0817083331454138E-005
  -9.0727243194397645E-006
  -1.1689820260097857E-005
   9.4137801886348335E-006
  -1.3170214619763541E-005
  -3.9295825859039530E-006
   6.9790458502995249E-006
  -7.7933158677749408E-006
   3.2650871194419943E-006
  -7.4566392710297526E-006
   6.8349151438763106E-006
  -4.4294738657697785E-007
  -1.3497558559671941E-005
  -9.5709800478570826E-008
  -1.6018724401084929E-006
  -4.7864313004764578E-006
  -8.2504491597726456E-006
   1.2312311141399754E-005
  -1.2030615776205205E-005
  -9.5176744220761391E-006
   9.5641250368880618E-006
  -4.8376340743950348E-006
   2.9568710252494620E-006
  -5.8865432590636882E-006
   8.4565219665643735E-006
   1.0181995366138636E-005
  -2.4239540038898701E-007
   4.6112861516876998E-006
   1.2977313962596760E-005
   1.2489244429527259E-005
  -1.2213503806749316E-005
   2.7042674950034356E-007
   6.3404044944900644E-006
   3.6893691923453945E-006
  -9.7071780913364578E-006
   1.0113243077493859E-005
  -1.3041199651217202E-005
   7.0888595402078189E-006
  -4.7717981218024655E-006
  -1.9426879833764343E-006
   1.3073471036328596E-005
  -5.2750606403682756E-006
   3.9066505333495462E-006
   2.0385780283003509E-006
  -4.3788318523478326E-006
   5.2564620838966777E-007
   9.9925250754793072E-006
  -8.6244563838649892E-006
  -7.7936229509040483E-006
  -9.3152465585125133E-006
   7.3456287198573906E-006
   2.5146560605456350E-006
   1.1738605469630448E-005
  -1.1271893472822943E-005
   2.4888610777006048E-006
   6.3686370688816746E-008
  -1.2554733244669533E-005
  -1.3018335309539089E-005
   3.6815261747870712E-007
  -6.2538881143984386E-006
   5.6943435525176958E-006
  -7.4087276271687843E-006
   7.9240608015268728E-006
   8.9929618608398758E-006
  -9.9768438087342306E-006
   4.2424068343817258E-006
  -6.2901172479129259E-006
   1.2668060270750597E-005
  -1.0983315440104267E-005
   7.2133903321297370E-006
  -1.2443028418596580E-005
  -8.3305110721071298E-006
   1.0209064457867168E-005
   8.5375442289330541E-006
  -1.2383761374678832E-005
  -3.3429737006662481E-006
   1.1745769471077205E-005
  -9.2177076106996934E-006
  -6.2384538493006876E-006
  -3.1031885068746748E-006
   1.2316396682160924E-005
  -8.6926421899672507E-006
   1.0613674137021408E-005
  -9.4911851643305180E-006
   4.8913936491494416E-006
   1.1102670641524115E-005
   5.2521762715295687E-006
  -9.9875449882116073E-006
  -3.8527984521866815E-006
  -1.9915542552257151E-006
   6.7412414380581265E-006
   1.3229328122116735E-005
  -1.0374523136648644E-005
   2.8037090230726824E-006
  -2.7232866218475068E-006
  -5.6620120859245202E-007
   4.0571365254012462E-006
  -3.9851913351532028E-006
   1.1783220261387924E-005
  -4.3552465328883369E-006
   9.3421439888645257E-006
  -9.6355609650524299E-006
  -1.3677148784438245E-005
  -5.9176788180671097E-006
  -7.5069341470014031E-006
  -1.2598799673696460E-005
   1.8531131697598156E-006
   9.5073547123243618E-006
  -3.9892835516345702E-006
   1.2444656340650576E-005
   1.0196802113537776E-005
   4.6286239507161916E-006
   4.4406165964545365E-006
   1.1801238983876611E-005
   6.4602279499980861E-007
   2.5328350003190735E-006
  -4.2131872070751272E-006
  -4.9439916485893983E-006
   1.1703079194085378E-005
  -1.0717341395975982E-005
   4.5609989051105613E-006
   2.7082462242414371E-006
   1.0828311892827156E-005
   9.4079131842551150E-006
   9.4830016850420973E-006
  -1.3998878443660136E-005
  -1.2726793257052506E-006
  -4.1610097780076438E-006
   4.5199088936176239E-006
  -9.0602407226695247E-006
   1.3787738765238134E-005
   5.3460845812289964E-006
   1.2519351927620190E-005
   7.9092864790544087E-006
   3.9584693808749662E-006
  -1.0386799786092746E-005
   4.3648528942532433E-006
  -1.0684877368653161E-005
   6.3925819235575478E-006
   6.1377181851873450E-006
  -4.1671714677503878E-006
  -9.2649383311004668E-006
   9.3599128486829448E-006
   9.3889331580579178E-007
   7.0047797979884592E-006
  -2.0970106071933501E-006
  -1.1030799837872564E-005
  -6.0910005415675027E-006
   2.1238746589443726E-006
  -8.4587917114316898E-006
   5.5485515454394962E-006
  -1.0793184253145337E-005
  -4.3150653730166400E-006
  -4.7238397479001113E-006
   7.9931525982274328E-006
  -4.3841056713042441E-006
  -4.1423110857330761E-006
  -4.1352014437222176E-006
  -9.5888776537078916E-006
   3.1376151959357050E-006
  -1.0267791722123193E-005
   9.9186172234930550E-006
  -1.2312658278850050E-005
   8.4326972748520641E-006
   2.7774333883733970E-006
   1.3618175472209209E-005
  -1.3108530965134121E-005
   1.6890907244952215E-006
   1.1928043335363101E-006
  -5.6220912791405449E-006
   9.1819534069935774E-006
   8.3404178408809457E-006
  -8.9014053119987682E-007
   1.3603721584306248E-005
   5.2957553729820420E-006
  -8.6058978817145793E-006
   6.0973014677600905E-006
  -4.2999248396076006E-006
  -1.0135946248212907E-005
   9.7002143614956411E-006
   7.4348830989045059E-006
   1.3999992335258886E-005
   6.9356193367372913E-006
   8.3566055086867555E-006
   2.0055541941552124E-006
  -1.2057739227369635E-005
   1.5526723822493127E-006
  -1.2889433828236116E-005
  -2.1323318427609109E-006
  -1.0916304560756851E-005
   5.5637245037752116E-006
  -1.2338286368690130E-005
  -1.6936969714318340E-006
   1.3804588283017859E-006
  -8.6727819223782329E-006
   1.3249408688472287E-005
  -1.0102821324590484E-005
   1.1917449921083206E-005
   7.2574958618035375E-006
  -9.2824887995009804E-006
  -9.3585986854782550E-006
  -9.0117549668715293E-006
  -9.2491435771120244E-007
   1.0372245762386816E-005
   4.5059585457524545E-006
   1.0812805148481541E-005
   1.3272333111632182E-006
   8.8037185446672786E-006
   1.3693771327731238E-006
  -4.6952609897325196E-006
  -1.3866225207605893E-005
   1.0932680102402519E-005
  -8.8209028021312167E-006
   1.3592067684189187E-005
  -5.3446884020333027E-006
   2.8646984028015115E-006
  -1.1810009926542455E-005
  -5.9396085589175042E-006
   1.3235483136139281E-005
   1.2754430738672181E-005
   1.3593696559917497E-005
   1.0704456302319549E-005
   1.6130876500411147E-006
   9.8946380365418779E-006
   1.3952121699393420E-005
  -5.6139201976182062E-006
   7.4567718317593984E-006
  -1.0135745976606967E-006
   1.1145008059019763E-005
   1.3311191525230363E-005
   7.4258498958023125E-006
   5.1624011863070102E-007
   5.2448921071192485E-006
   8.8292884603742051E-006
   1.3542232479236884E-006
   2.9923648758678565E-006
   1.3151596036131349E-005
  -7.1616792498017988E-006
   4.5129604225658312E-006
  -1.3393630947629645E-005
  -2.5211791928533844E-006
  -1.3675800288958252E-005
  -1.0922045680127122E-005
   1.5824794729333343E-006
  -1.3687996829759978E-005
  -8.6332149287647510E-006
  -4.1124639407278665E-006
  -4.2016849411739918E-006
   1.3500709499605391E-005
  -4.6195983770085103E-009
   8.1523761543439866E-006
   1.1639244050203577E-005
   1.3940685237019950E-005
   1.2721853224105994E-006
   1.7881383850727869E-006
  -5.4302778106917219E-006
   2.3437385499908321E-006
  -1.1692951172870714E-005
  -9.4097814322362380E-006
   8.2055282385603764E-006
  -1.1459127397215945E-005
   7.8458747665680235E-006
   9.0383567581862022E-006
  -2.8936576770203885E-006
   8.4447726990159126E-006
  -1.3998905146540928E-005
  -6.1686258160297209E-006
  -7.9895419872746346E-006
  -7.5067138482348694E-007
   1.0970010729749674E-005
  -2.8983440325993769E-006
   3.8169822596501556E-006
  -8.9485759509177597E-006
   9.5512389895573147E-006
  -1.9501113842365983E-006
  -3.4389905842739264E-006
  -1.2835106817264881E-005
   1.0120017979820504E-005
   7.0029105963330222E-006
  -2.3771905839029559E-006
  -1.3882340396163839E-005
   1.1090675326002643E-005
  -6.7527780362345658E-006
   6.5127601459103769E-006
  -7.9674854077404784E-006
   7.3031501585632715E-006
  -1.2586222616843448E-005
  -1.3509521450266737E-005
   8.8283271566656947E-006
   6.3081550438878926E-006
   9.0244064103210328E-006
  -3.4405994328416418E-007
   6.4367561177819561E-006
  -5.3108291491891016E-006
  -5.9401826708545312E-006
   2.5680026943220805E-006
   1.9070529889595681E-006
   2.2992706240777122E-006
  -1.2088621109005533E-005
  -3.6789560225108453E-006
   7.5766296195427241E-006
  -4.0758609668822918E-006
   5.5390987256391435E-006
   5.2916374072941967E-006
  -1.3651080097065098E-005
  -1.0887118312051243E-005
  -9.8421945323407889E-006
   5.4119663101886376E-006
  -9.1915921932851597E-006
   3.3855914984102110E-007
   3.6446151641380750E-006
  -8.9813470613696886E-006
   9.6603679413081577E-006
  -1.3653817142346273E-005
  -7.2530164535506867E-006
  -1.2843424764631575E-005
  -6.3443307716407960E-006
   8.0146369731731899E-006
  -3.2308549799410198E-006
  -6.0991582716494455E-006
   4.0506324665797767E-006
  -6.1747007214098910E-006
  -4.1693210496541403E-006
   4.5030403023516193E-007
  -5.3892955643962664E-006
  -1.1196070642814182E-005
   3.1462001721103191E-006
  -8.6434287806676745E-006
  -1.5802965124285919E-006
   2.8881034778156615E-006
  -1.0943915339495735E-005
   1.9057846021219502E-007
  -1.3148431744757503E-006
  -4.9700736874029421E-007
  -4.3150720487368380E-006
   9.2138213878701497E-006
  -1.0084563229848984E-005
   5.9718246309186859E-006
   1.3869342768938354E-005
  -6.3096504052122422E-006
   9.8767280329249869E-007
  -1.8581933928304853E-006
   1.9579820583500275E-006
  -1.3131462064014214E-005
   1.1676654786193109E-005
  -6.5543622805099315E-006
  -1.2676945654334121E-005
  -4.3219013104993809E-006
  -1.0912105532752316E-005
   1.3444934811025506E-005
   4.6008529546925567E-006
  -7.4446563532743620E-006
  -9.4440345525721205E-006
  -8.6448306819092522E-006
  -3.2971849358282403E-006
  -2.2275876942660184E-006
  -7.5062465478210102E-007
   2.2911605777114694E-006
  -8.8095340506340412E-006
  -5.6902837609630044E-006
  -1.3934571230992906E-005
   1.1301158876496614E-005
  -1.2365850417387627E-005
   1.2892864194743569E-005
   4.7480392336178220E-007
  -9.2980031732411072E-006
  -3.8392934702261494E-006
   1.3769594157739999E-005
  -1.3999826395928250E-005
  -5.1852855551457171E-006
   3.1482295910505078E-006
  -3.3666925345297036E-006
   2.4302158294355839E-006
   1.2697238890061694E-005
  -5.7204246376569255E-007
  -7.8221149247090661E-006
   6.1529044949634563E-006
  -2.8263330388236677E-006
  -8.4937658095489551E-006
   1.2704469648710430E-005
  -7.7094487949276027E-006
   1.2042371719473864E-005
   9.9269160973734696E-006
   7.8043842118632068E-007
   1.2130023925673462E-005
  -3.8463497064754239E-006
  -1.1153005571816954E-005
  -8.2854099064495149E-006
   7.6776790425053722E-007
  -1.3502845730068748E-006
   1.0374729130300468E-005
  -1.0083248112969980E-005
   3.2148208536997638E-006
   3.6559181121075847E-006
  -7.5452394294974650E-006
   8.7009010095264773E-006
  -8.4461679245372923E-006
   9.1790485150331381E-006
   3.9775142569255153E-006
  -1.3846298182814895E-005
  -6.4078636007650590E-006
  -1.2046764343364141E-005
   1.3222372021670431E-005
  -8.5472249768944525E-006
  -5.5389785626755797E-006
  -1.5434799155366816E-006
  -1.5676393469332044E-006
   4.2500495803341094E-006
   1.1216552706055927E-005
  -1.2846261945715720E-005
   2.6179313593571556E-006
  -1.2954241719918195E-005
  -7.6757163807671634E-006
   7.8470554153687536E-006
   6.4263343648785810E-006
  -1.3794561351280479E-005
   1.3534240688485577E-005
  -1.2155151336498693E-007
  -8.1760148795650663E-006
   1.3872821772835820E-005
   1.3824415172005887E-006
   1.5605096777617520E-006
   4.6617221714578220E-006
   7.9712714947670522E-006
  -1.3792571986661478E-005
  -1.1965714424440354E-005
   9.7538413755204022E-006
   7.6655959889470118E-007
  -1.3480442013084296E-005
  -9.9987468467038331E-006
   8.7719154136440582E-006
   5.1676940787497017E-006
  -2.0891599602405149E-006
  -1.1218687982844969E-005
  -1.1720408410045044E-005
  -7.2417611892968770E-006
  -7.7185945315988479E-006
   1.1930492371001449E-005
   1.7236509279602115E-006
  -1.1776070565055878E-005
   1.1500650376847438E-005
   4.6149444463561978E-006
   1.4018878901373311E-006
   2.7269782951169948E-006
  -8.8084859625629569E-006
   1.1223842592512131E-005
  -9.7188472502425429E-007
  -7.4414386561389313E-006
   1.3396768536122700E-005
   5.5133037427941133E-006
   8.6279220363220596E-006
   4.6730499149594956E-006
   1.2563110319843696E-005
   3.5442275911493418E-006
   8.0688762461075380E-006
  -1.2227115600233016E-006
   4.2046489609418990E-006
  -6.0579356994268623E-006
  -9.3417625191389263E-006
   1.2018718689138074E-005
  -6.3590774375581541E-006
  -1.0235274289038788E-005
  -4.8422336456114493E-006
  -3.2559223092844692E-006
  -3.3732147131631390E-006
   1.3040718045688633E-005
   8.6370925685254687E-006
   1.3140487637721895E-006
  -3.1946191707063346E-006
  -4.5062913780880400E-006
  -1.4787054024555926E-006
  -1.2347705809889493E-005
   1.4582176171679638E-006
   9.1960849529784065E-006
  -6.7318696805744637E-006
  -1.0080898259460288E-005
   1.8498287154224049E-006
   1.3901714289852717E-005
   1.0167709324914939E-005
  -1.5263633689490373E-006
   1.0873746844494670E-005
  -1.2754657713158913E-005
  -8.1961555274023996E-006
  -7.2891120726612142E-006
   1.2300849883494121E-005
   1.2584621397670245E-005
  -1.1001867266534479E-005
  -5.5106267789947197E-006
  -1.0492316219542163E-005
  -9.8041295757718546E-006
  -1.3717203105626180E-006
   6.9989318670950207E-006
   3.6800842192243055E-006
   9.8713206995646157E-006
   7.4255504420677170E-006
   1.3725828136121982E-005
  -8.6347770472910805E-006
   1.3979644740095415E-005
   4.9001922483703914E-006
  -2.8804931567899539E-006
  -3.6434745696585329E-006
  -2.6349801950685059E-006
  -6.6432428192259594E-006
   2.0522499032658327E-006
  -2.4591951308150549E-006
  -1.0915563555814875E-005
  -1.1125715227647574E-005
  -2.0079297968713826E-006
  -1.7703342393047498E-006
  -8.2513904363205621E-006
   1.2293498961881821E-005
  -2.3302602709110920E-006
  -1.1678491562921870E-005
   1.3754795039735371E-005
   3.5130309969898244E-007
   1.3230201687788358E-005
   1.3423110928023965E-005
   4.3141517530238295E-006
   1.3764520610389528E-005
  -1.1269830675281764E-005
   5.6664981698975690E-006
  -1.8083591415524961E-006
  -7.3560428433662537E-007
   1.3394218411007068E-005
  -6.1066350782711934E-006
  -5.5504007199343392E-006
  -8.9808864366760274E-006
  -3.4550456913500904E-006
  -4.3335370908044761E-006
  -1.1887922256973186E-006
  -1.2475732771846529E-005
  -5.0373582712784750E-006
  -2.9775714799091125E-006
  -5.2210807668473351E-007
   2.5538444454564595E-006
   2.9917907639308294E-007
  -7.4712924768643389E-006
   1.3321292843564234E-005
  -1.1672997445198925E-005
   4.4576911813723648E-006
   3.9692306418341247E-006
   7.9006004134025108E-006
  -4.9607343548459552E-006
   1.3085372891767297E-005
  -1.0820768329003428E-005
  -3.2142524638086208E-006
   8.0237617290095271E-006
   1.0666278812181563E-005
  -6.6682433913674288E-007
   1.7099456743937397E-006
   6.3222808678268377E-006
   7.7317848010357605E-006
   3.2983322060279804E-006
   6.6433029007077413E-006
   3.1227493207290971E-006
   1.1887214630632199E-005
  -2.7085132530493567E-006
  -3.1342506329559185E-007
   1.5698022802773529E-006
   4.7297477602753317E-006
   1.2846662488927600E-005
   1.3989505732502159E-006
  -1.0220387432997272E-005
   1.0545295688707719E-005
  -1.3827125514406270E-005
  -4.9424228543428709E-006
  -2.8773088382555130E-006
   6.8617057627051552E-007
  -9.4777135609709759E-006
   1.2753562895046443E-005
  -6.1777782284211640E-006
   3.2784271157462047E-006
  -8.8528060689574070E-007
  -3.6299896148585947E-007
  -1.2763282743654715E-005
   1.7704610779885116E-006
   5.1189613213043807E-006
   1.2066265075736781E-005
  -1.3876852954161092E-005
   7.1094741641792095E-006
  -4.7943286774706790E-006
   6.9701194587204994E-007
   1.3526752437772061E-005
  -7.3641271405260186E-006
   1.2640048948799835E-005
   6.9850005927161313E-006
  -1.2147601096954767E-005
   1.1564624757179082E-005
   1.0506488773522494E-005
  -1.0279874775681553E-006
  -4.6396255376024778E-008
  -4.6412544133307872E-006
  -6.7974653072399053E-006
  -1.3275784458974542E-005
   1.2644508329892092E-005
   7.8088493150013476E-006
  -9.1865987545770638E-006
   1.2921951261320522E-005
   5.2999877795875672E-006
  -5.6310500956462464E-006
  -5.9322051852179342E-006
   6.4409618215066893E-006
  -5.2154664861608262E-006
   1.1980548828394600E-005
   1.3863182032869924E-005
   9.6078033204691909E-006
  -3.2538795389038845E-007
  -2.7461776664064116E-006
   2.4168052612321377E-006
   5.2418155537822895E-006
  -4.0331363576151611E-006
   8.7295856255429228E-006
   4.8706855650952792E-006
   7.5851001547996583E-006
  -6.4703216389374457E-006
   3.0191612167425851E-006
   8.0963325296075535E-006
   9.8026733150943790E-006
  -2.4684743818902599E-006
   4.3221149335457166E-006
  -2.2455987873601932E-006
   4.6621093632293054E-006
   6.5648841692162764E-006
  -5.6827335214190786E-006
   3.3641815100609457E-006
  -6.8273658580066988E-006
   5.1551322806857140E-006
   1.3112836804661824E-005
  -4.8620738860398732E-006
   6.3245048363270821E-006
  -2.5309591229434386E-006
  -6.2353896937298106E-007
   1.7752342179300738E-006
  -1.3715467418374703E-005
   1.2984657254814548E-005
   7.2563285644432034E-006
   1.3172790494085651E-005
   1.0333713505404022E-005
  -6.2198352656684958E-007
  -7.0978259861080324E-007
   5.3948898179221813E-006
  -2.2978763522306465E-006
  -1.0178196881345980E-005
  -5.7381286476219928E-006
   8.6736488123296575E-006
   2.8938369677914202E-006
  -6.5182399585186120E-007
  -1.2260093658011083E-005
  -4.8788165922964300E-006
   7.6157760427837326E-006
  -5.5579709866388589E-006
  -8.6186218044119467E-006
   1.3990520441972253E-005
   1.1370153398417146E-005
  -8.5783672116180720E-006
   1.0288446400415771E-005
  -6.6483564208976191E-006
   5.8895530551986673E-006
  -9.4410171270426294E-006
  -6.7065820524644807E-006
   9.4162902594292774E-006
   2.8977889941486298E-006
  -5.3349685534250305E-007
   2.2628688755123912E-007
  -1.3454833950404810E-005
   1.2410839049476190E-005
   4.5372066383249279E-006
   2.1354560798135698E-006
   8.8255557791092152E-006
   5.3483390673072888E-006
  -5.1518468726739894E-006
  -8.1861219199448219E-006
  -1.3410119976518678E-006
  -4.7210025668159659E-007
  -5.7968749853642976E-006
   1.3925872767574926E-005
  -2.4301824508345940E-006
  -7.5579099464332484E-006
  -1.3365666355720268E-005
  -8.5970392010118477E-006
  -1.1754407853013403E-006
   5.6804427957168543E-006
   2.3719901978687223E-006
  -3.5564031511161600E-006
   1.1969900101004493E-006
  -9.6870174163385305E-006
   8.9939174425025022E-006
  -3.7431297207741153E-006
   1.3802452052554502E-005
   1.2265687911536998E-005
  -8.5751495144826412E-006
   1.1143312426089473E-006
  -1.2589139906569969E-006
   1.3767618144561395E-005
   1.3048629727797564E-006
  -1.1469508142123819E-005
  -5.9758443681521894E-006
   1.5787210424618664E-006
  -5.4435157638443345E-007
   1.2111518829284636E-005
  -1.2989396062480806E-005
   3.2829322732055334E-006
  -1.3685359920281772E-005
  -6.8538417643119239E-006
  -1.3923683131349986E-005
   9.9570235954664008E-006
   3.6555442717764973E-006
  -1.3983871424655056E-005
   8.3858337190621801E-006
   8.1612891944826162E-006
  -1.2901042905660420E-005
  -4.7255954623121824E-006
   4.1063880816733823E-006
  -5.9255027621391530E-006
   6.0642967071012320E-006
   1.3856159175221639E-005
  -9.4021444083297384E-006
  -1.2461306540498675E-005
   1.0183723423995601E-005
  -1.1954379051544168E-005
  -9.7136535399285073E-006
   3.8143005274791919E-006
  -1.7645196870123012E-006
   9.5924148317385119E-006
   1.1302768678738643E-005
   1.2762908903323628E-005
   9.9434051262625028E-006
   6.8205699748451459E-006
   4.2340087783726554E-006
  -1.2623513189869416E-005
  -1.1618890732994222E-005
  -4.9131297941140944E-007
   8.1712875159905760E-006
  -7.8817825118386933E-006
  -1.2851529088951934E-005
  -1.0709417316100969E-005
   1.0877431842043961E-005
   1.1051574679128706E-005
   8.9089164508958200E-006
   5.9589481203310788E-006
   4.8064193604235514E-006
   5.2043914663523622E-007
  -1.1526512116894448E-005
  -1.1082082720433517E-005
   1.1195583315239729E-005
   1.3040739026523541E-005
   8.7698058860614936E-006
  -1.1962650268869477E-005
   1.0134210560961429E-006
   6.5072707965590018E-006
   6.9852065863679549E-006
  -3.1370544354390739E-007
   1.3968402827282001E-005
  -1.7389650300943986E-006
   8.7444534080981587E-006
   3.2179450907524228E-006
  -8.3756990221273185E-006
   2.6854209832101981E-006
   3.3446292792753494E-006
  -3.9463786979220938E-006
  -8.4589118743952536E-006
  -6.7204141447147142E-006
   1.3569343532635232E-005
  -4.1248073473739485E-006
   7.4057426265659691E-006
  -8.8653163686084387E-006
   8.5303287290733418E-006
   8.3150176792019109E-006
   9.6039447541947532E-006
   3.7511596584979823E-006
   5.1866950857818069E-006
  -1.0662073108456830E-005
   1.0363876316607165E-005
  -6.2334070048310078E-006
  -1.3008228269159334E-005
   1.0071052525842568E-005
   7.5061454583437263E-006
  -3.1501254955867367E-006
  -1.0786148044056657E-005
  -1.7257738069831720E-006
   5.3594093187441828E-006
   1.2217830627111927E-005
   1.0257310841412350E-006
  -5.8323831410974020E-006
  -9.4999036549090919E-006
  -1.1651761979249121E-005
  -1.3620905841770187E-005
  -1.3631153072274100E-006
   3.1474418560671451E-006
  -8.6199903270525345E-006
   1.2088634460445929E-005
  -4.7180185198874647E-006
  -4.4268636591723648E-006
   1.4037704432331641E-006
   2.1546745245892666E-006
   1.2915721860701484E-005
   1.0711193057673634E-005
  -5.1014852395003590E-006
  -6.9260663811339688E-006
  -6.5195216967966260E-006
  -3.5330381304231979E-006
  -4.4408025629457662E-006
  -7.8860883513663963E-006
   1.0490406009891224E-005
  -1.3609677280397169E-005
  -1.3334610905359223E-005
   7.9559707440732610E-006
   7.8927173415229996E-006
   1.0785873385854225E-005
  -1.1522359818931299E-005
   1.5143337211522608E-006
   7.0227508367614461E-006
   1.0954021426201176E-005
  -1.2585968939475924E-005
  -8.1328229698840763E-006
   1.0864753695713665E-005
  -6.3962411719003598E-006
   6.7344665357314815E-006
   8.9958133470387312E-006
   6.9563484016263617E-006
   1.0711580249445117E-005
   7.8011531632873801E-006
   4.9659156673939088E-006
   3.2878379738767415E-006
  -1.2549205748345598E-005
   5.6172046519556169E-006
  -3.3339481269585667E-006
  -2.4430799422571091E-006
   3.8321647547290109E-006
  -1.2617177931401524E-006
   1.0631076785903252E-005
  -4.0126619237679283E-006
  -3.2774782098037763E-006
   1.3457309688923950E-005
   8.1030559335212426E-006
   2.1570587103742628E-006
   1.1738719910548128E-005
  -6.2723731836266707E-006
   7.2367877777493751E-006
  -9.1564912564841327E-006
  -1.2511801688076265E-005
   8.9627685320586847E-006
  -1.3667068446939282E-005
  -7.2082156953019814E-006
  -5.0481195322376335E-006
   7.5912151145010164E-006
   7.8340186874963948E-006
  -2.8824624942483607E-006
   1.3735233272206635E-005
   6.2766055902321958E-006
  -9.7017574065356906E-006
   1.1718818634963608E-005
  -2.6592264108276026E-006
   2.2203788701265041E-006
   1.2148408859098724E-005
  -1.1212272615734702E-006
  -9.8936443079066915E-006
  -1.3638763393299808E-006
   4.0523147480696700E-006
  -1.0669937106850061E-005
   5.9165839999546395E-006
   1.2517288176404698E-005
  -2.3927249848036767E-006
   1.2402313201109044E-005
   1.1720081299755342E-005
   1.0196460698133365E-005
  -9.1612243421045070E-007
   1.1713191956511017E-005
  -6.8932952706820400E-006
  -2.6135778361137526E-006
  -6.8917064492749185E-006
  -1.3905258143603536E-006
  -1.1552574128547398E-005
  -2.9416961595651187E-006
  -4.9675035351267162E-006
   1.3913703883328306E-005
   1.2283023803216862E-005
  -3.8054809474233342E-006
  -8.0501575266723763E-006
   1.4000654185232801E-006
   5.6058826304998272E-006
   1.3164253201626737E-006
  -1.2424129454716073E-005
  -5.1903991568173768E-006
   5.3116035327320683E-006
  -7.9107551374979664E-006
  -5.7063789223603563E-006
   1.7646064713748751E-006
