   7.1569461641814245E-006
  -7.8691453735038998E-006
   5.0202941767781006E-006
   5.4365730148384257E-007
  -1.2503076521777493E-005
  -1.3784454310900723E-005
  -2.3103933276018762E-006
   1.2052219360440212E-005
  -1.1424987764123429E-005
   5.6333331919539587E-006
  -6.6513204406655263E-006
  -4.8094425079989265E-006
   1.3749046290970589E-005
   1.3511404003362570E-005
   4.2425136459048936E-006
   1.0771795245630980E-005
   7.4618530085043822E-006
  -6.3026141961235616E-006
  -3.7751865291648593E-007
  -1.2304200141359197E-005
   4.5617198828919441E-007
  -1.6865539508199856E-007
   1.2537395445641041E-005
  -3.2440261758916525E-006
   8.3292293338291159E-007
  -1.2597651449822406E-005
   9.1788825757025023E-006
   5.2767429218581689E-006
   6.6142844986813963E-006
   1.0880016299434896E-005
  -4.1715774430810607E-006
   9.6874770873578778E-006
  -6.4591197804452199E-006
  -8.9831828844241356E-007
  -9.6958427184402722E-006
  -1.3074498143564772E-005
   1.2750099149938000E-005
   1.0940643282924406E-005
  -9.5265130756182767E-006
  -1.0348040554623221E-005
  -1.3916012728842496E-005
   5.8749465794054670E-006
  -8.9349174273926739E-006
   4.2576408278735371E-006
  -3.1971893229825604E-006
  -9.8690776575780913E-006
   2.5230350430684254E-006
  -9.8517608393845074E-006
  -1.0029047940682506E-005
  -3.2159614481793060E-007
  -1.0471140835074141E-005
   3.6195354370285437E-006
   3.4057521734081383E-006
  -6.5991496873182409E-007
  -1.3205495801009914E-005
  -1.0023413632835403E-005
  -9.4584407567593811E-006
  -6.9143972222278837E-006
  -1.2513971297140611E-006
   8.6504440089214471E-006
  -7.9730462826654034E-006
  -6.9964885535025566E-006
   7.1636161623335297E-006
   3.7166805173496822E-006
   5.2914619312204210E-006
   1.0479145023591530E-006
  -2.4072046219131152E-006
  -1.6789236026336840E-006
   6.0379829254293867E-006
   6.7680396862814830E-006
   6.9964217963005768E-007
   5.0973739495327117E-006
   1.0244712803724430E-005
  -7.9651088513499942E-006
   4.1046333209356252E-007
  -9.0911292800256206E-007
  -8.0774745737225481E-006
   3.6536674407265483E-006
  -1.3975393260003610E-005
  -5.0630330911599413E-006
   5.8497733922131638E-006
  -8.0121393001448280E-006
  -3.1129550855243330E-006
  -3.0841026228286238E-006
  -6.0470208969031500E-006
  -2.1711311285516240E-006
  -1.3683150256896238E-005
  -7.1664857683443510E-006
  -2.8519811558243421E-006
   9.1939277416801420E-006
  -7.8565082351691063E-006
   8.2535533696647106E-006
   2.7500629355616413E-006
  -4.7693414567696055E-006
  -9.4727468251436719E-006
   8.7714347617898029E-006
  -5.1518001426326034E-006
  -5.2993135318475703E-006
  -1.9362659405459687E-006
  -2.9955091400811094E-006
  -3.1407260815479680E-006
   4.9346313351975035E-006
   1.2324562041637378E-005
   4.8006439087779768E-007
   2.9579124376003484E-006
   6.3861274558004062E-007
  -6.3221340019824820E-006
  -1.2389602629852073E-006
  -9.4990358112833533E-006
  -1.7741260483772076E-006
   7.1081542789286356E-006
  -1.2065029113825839E-007
   1.1292427034477644E-005
   5.1739501822495315E-007
   1.0825147601453309E-006
  -3.5865306763696852E-006
  -1.3738271678571034E-005
   7.7246436877725401E-006
  -1.2022224395916332E-005
  -5.6833810662782836E-006
  -1.1994733780141013E-006
  -9.7912788143907255E-006
   1.1870031326842575E-006
  -1.3178051915275981E-005
   2.1328391974959580E-006
   1.0154638264767276E-006
   1.3253955807601431E-005
   1.4801340065779623E-006
   9.4668464421629635E-006
  -6.9572286430181823E-006
   1.1141597719672904E-005
   5.4559783797796663E-006
   4.6340904118840308E-006
  -1.0817083331454138E-005
  -9.0727243194397645E-006
  -1.1689820260097857E-005
   9.4137801886348335E-006
  -1.3170214619763541E-005
  -3.9295825859039530E-006
   6.9790458502995249E-006
  -7.7933158677749408E-006
   3.2650871194419943E-006
  -7.4566392710297526E-006
   6.8349151438763106E-006
  -4.4294738657697785E-007
  -1.3497558559671941E-005
  -9.5709800478570826E-008
  -1.6018724401084929E-006
  -4.7864313004764578E-006
  -8.2504491597726456E-006
   1.2312311141399754E-005
  -1.2030615776205205E-005
  -9.5176744220761391E-006
   9.5641250368880618E-006
  -4.8376340743950348E-006
   2.9568710252494620E-006
  -5.8865432590636882E-006
   8.4565219665643735E-006
   1.0181995366138636E-005
  -2.4239540038898701E-007
   4.6112861516876998E-006
   1.2977313962596760E-005
   1.2489244429527259E-005
  -1.2213503806749316E-005
   2.7042674950034356E-007
   6.3404044944900644E-006
   3.6893691923453945E-006
  -9.7071780913364578E-006
   1.0113243077493859E-005
  -1.3041199651217202E-005
   7.0888595402078189E-006
  -4.7717981218024655E-006
  -1.9426879833764343E-006
   1.3073471036328596E-005
  -5.2750606403682756E-006
   3.9066505333495462E-006
   2.0385780283003509E-006
  -4.3788318523478326E-006
   5.2564620838966777E-007
   9.9925250754793072E-006
  -8.6244563838649892E-006
  -7.7936229509040483E-006
  -9.3152465585125133E-006
   7.3456287198573906E-006
   2.5146560605456350E-006
   1.1738605469630448E-005
  -1.1271893472822943E-005
   2.4888610777006048E-006
   6.3686370688816746E-008
  -1.2554733244669533E-005
  -1.3018335309539089E-005
   3.6815261747870712E-007
  -6.2538881143984386E-006
   5.6943435525176958E-006
  -7.4087276271687843E-006
   7.9240608015268728E-006
   8.9929618608398758E-006
  -9.9768438087342306E-006
   4.2424068343817258E-006
  -6.2901172479129259E-006
   1.2668060270750597E-005
  -1.0983315440104267E-005
   7.2133903321297370E-006
  -1.2443028418596580E-005
  -8.3305110721071298E-006
   1.0209064457867168E-005
   8.5375442289330541E-006
  -1.2383761374678832E-005
  -3.3429737006662481E-006
   1.1745769471077205E-005
  -9.2177076106996934E-006
  -6.2384538493006876E-006
  -3.1031885068746748E-006
   1.2316396682160924E-005
  -8.6926421899672507E-006
   1.0613674137021408E-005
  -9.4911851643305180E-006
   4.8913936491494416E-006
   1.1102670641524115E-005
   5.2521762715295687E-006
  -9.9875449882116073E-006
  -3.8527984521866815E-006
  -1.9915542552257151E-006
   6.7412414380581265E-006
   1.3229328122116735E-005
  -1.0374523136648644E-005
   2.8037090230726824E-006
  -2.7232866218475068E-006
  -5.6620120859245202E-007
   4.0571365254012462E-006
  -3.9851913351532028E-006
   1.1783220261387924E-005
  -4.3552465328883369E-006
   9.3421439888645257E-006
  -9.6355609650524299E-006
  -1.3677148784438245E-005
  -5.9176788180671097E-006
  -7.5069341470014031E-006
  -1.2598799673696460E-005
   1.8531131697598156E-006
   9.5073547123243618E-006
  -3.9892835516345702E-006
   1.2444656340650576E-005
   1.0196802113537776E-005
   4.6286239507161916E-006
   4.4406165964545365E-006
   1.1801238983876611E-005
   6.4602279499980861E-007
   2.5328350003190735E-006
  -4.2131872070751272E-006
  -4.9439916485893983E-006
   1.1703079194085378E-005
  -1.0717341395975982E-005
   4.5609989051105613E-006
   2.7082462242414371E-006
   1.0828311892827156E-005
   9.4079131842551150E-006
   9.4830016850420973E-006
  -1.3998878443660136E-005
  -1.2726793257052506E-006
  -4.1610097780076438E-006
   4.5199088936176239E-006
  -9.0602407226695247E-006
   1.3787738765238134E-005
   5.3460845812289964E-006
   1.2519351927620190E-005
   7.9092864790544087E-006
   3.9584693808749662E-006
  -1.0386799786092746E-005
   4.3648528942532433E-006
  -1.0684877368653161E-005
   6.3925819235575478E-006
   6.1377181851873450E-006
  -4.1671714677503878E-006
  -9.2649383311004668E-006
   9.3599128486829448E-006
   9.3889331580579178E-007
   7.0047797979884592E-006
  -2.0970106071933501E-006
  -1.1030799837872564E-005
  -6.0910005415675027E-006
   2.1238746589443726E-006
  -8.4587917114316898E-006
   5.5485515454394962E-006
  -1.0793184253145337E-005
  -4.3150653730166400E-006
  -4.7238397479001113E-006
   7.9931525982274328E-006
  -4.3841056713042441E-006
  -4.1423110857330761E-006
  -4.1352014437222176E-006
  -9.5888776537078916E-006
   3.1376151959357050E-006
  -1.0267791722123193E-005
   9.9186172234930550E-006
  -1.2312658278850050E-005
   8.4326972748520641E-006
   2.7774333883733970E-006
   1.3618175472209209E-005
  -1.3108530965134121E-005
   1.6890907244952215E-006
   1.1928043335363101E-006
  -5.6220912791405449E-006
   9.1819534069935774E-006
   8.3404178408809457E-006
  -8.9014053119987682E-007
   1.3603721584306248E-005
   5.2957553729820420E-006
  -8.6058978817145793E-006
   6.0973014677600905E-006
  -4.2999248396076006E-006
  -1.0135946248212907E-005
   9.7002143614956411E-006
   7.4348830989045059E-006
   1.3999992335258886E-005
   6.9356193367372913E-006
   8.3566055086867555E-006
   2.0055541941552124E-006
  -1.2057739227369635E-005
   1.5526723822493127E-006
  -1.2889433828236116E-005
  -2.1323318427609109E-006
  -1.0916304560756851E-005
   5.5637245037752116E-006
  -1.2338286368690130E-005
  -1.6936969714318340E-006
   1.3804588283017859E-006
  -8.6727819223782329E-006
   1.3249408688472287E-005
  -1.0102821324590484E-005
   1.1917449921083206E-005
   7.2574958618035375E-006
  -9.2824887995009804E-006
  -9.3585986854782550E-006
  -9.0117549668715293E-006
  -9.2491435771120244E-007
   1.0372245762386816E-005
   4.5059585457524545E-006
   1.0812805148481541E-005
   1.3272333111632182E-006
   8.8037185446672786E-006
   1.3693771327731238E-006
  -4.6952609897325196E-006
  -1.3866225207605893E-005
   1.0932680102402519E-005
  -8.8209028021312167E-006
   1.3592067684189187E-005
  -5.3446884020333027E-006
   2.8646984028015115E-006
  -1.1810009926542455E-005
  -5.9396085589175042E-006
   1.3235483136139281E-005
   1.2754430738672181E-005
   1.3593696559917497E-005
   1.0704456302319549E-005
   1.6130876500411147E-006
   9.8946380365418779E-006
   1.3952121699393420E-005
  -5.6139201976182062E-006
   7.4567718317593984E-006
  -1.0135745976606967E-006
   1.1145008059019763E-005
   1.3311191525230363E-005
   7.4258498958023125E-006
   5.1624011863070102E-007
   5.2448921071192485E-006
   8.8292884603742051E-006
   1.3542232479236884E-006
   2.9923648758678565E-006
   1.3151596036131349E-005
  -7.1616792498017988E-006
   4.5129604225658312E-006
  -1.3393630947629645E-005
  -2.5211791928533844E-006
  -1.3675800288958252E-005
  -1.0922045680127122E-005
   1.5824794729333343E-006
  -1.3687996829759978E-005
  -8.6332149287647510E-006
  -4.1124639407278665E-006
  -4.2016849411739918E-006
   1.3500709499605391E-005
  -4.6195983770085103E-009
   8.1523761543439866E-006
   1.1639244050203577E-005
   1.3940685237019950E-005
   1.2721853224105994E-006
   1.7881383850727869E-006
  -5.4302778106917219E-006
   2.3437385499908321E-006
  -1.1692951172870714E-005
  -9.4097814322362380E-006
   8.2055282385603764E-006
  -1.1459127397215945E-005
   7.8458747665680235E-006
   9.0383567581862022E-006
  -2.8936576770203885E-006
   8.4447726990159126E-006
  -1.3998905146540928E-005
  -6.1686258160297209E-006
  -7.9895419872746346E-006
  -7.5067138482348694E-007
   1.0970010729749674E-005
  -2.8983440325993769E-006
   3.8169822596501556E-006
  -8.9485759509177597E-006
   9.5512389895573147E-006
  -1.9501113842365983E-006
  -3.4389905842739264E-006
  -1.2835106817264881E-005
   1.0120017979820504E-005
   7.0029105963330222E-006
  -2.3771905839029559E-006
  -1.3882340396163839E-005
   1.1090675326002643E-005
  -6.7527780362345658E-006
   6.5127601459103769E-006
  -7.9674854077404784E-006
   7.3031501585632715E-006
  -1.2586222616843448E-005
  -1.3509521450266737E-005
   8.8283271566656947E-006
   6.3081550438878926E-006
   9.0244064103210328E-006
  -3.4405994328416418E-007
   6.4367561177819561E-006
  -5.3108291491891016E-006
  -5.9401826708545312E-006
   2.5680026943220805E-006
   1.9070529889595681E-006
   2.2992706240777122E-006
  -1.2088621109005533E-005
  -3.6789560225108453E-006
   7.5766296195427241E-006
  -4.0758609668822918E-006
   5.5390987256391435E-006
   5.2916374072941967E-006
  -1.3651080097065098E-005
  -1.0887118312051243E-005
  -9.8421945323407889E-006
   5.4119663101886376E-006
  -9.1915921932851597E-006
   3.3855914984102110E-007
   3.6446151641380750E-006
  -8.9813470613696886E-006
   9.6603679413081577E-006
  -1.3653817142346273E-005
  -7.2530164535506867E-006
  -1.2843424764631575E-005
  -6.3443307716407960E-006
   8.0146369731731899E-006
  -3.2308549799410198E-006
  -6.0991582716494455E-006
   4.0506324665797767E-006
  -6.1747007214098910E-006
  -4.1693210496541403E-006
   4.5030403023516193E-007
  -5.3892955643962664E-006
  -1.1196070642814182E-005
   3.1462001721103191E-006
  -8.6434287806676745E-006
  -1.5802965124285919E-006
   2.8881034778156615E-006
  -1.0943915339495735E-005
   1.9057846021219502E-007
  -1.3148431744757503E-006
  -4.9700736874029421E-007
  -4.3150720487368380E-006
   9.2138213878701497E-006
  -1.0084563229848984E-005
   5.9718246309186859E-006
   1.3869342768938354E-005
  -6.3096504052122422E-006
   9.8767280329249869E-007
  -1.8581933928304853E-006
   1.9579820583500275E-006
  -1.3131462064014214E-005
   1.1676654786193109E-005
  -6.5543622805099315E-006
  -1.2676945654334121E-005
  -4.3219013104993809E-006
  -1.0912105532752316E-005
   1.3444934811025506E-005
   4.6008529546925567E-006
  -7.4446563532743620E-006
  -9.4440345525721205E-006
  -8.6448306819092522E-006
  -3.2971849358282403E-006
  -2.2275876942660184E-006
  -7.5062465478210102E-007
   2.2911605777114694E-006
  -8.8095340506340412E-006
  -5.6902837609630044E-006
  -1.3934571230992906E-005
   1.1301158876496614E-005
  -1.2365850417387627E-005
   1.2892864194743569E-005
   4.7480392336178220E-007
  -9.2980031732411072E-006
  -3.8392934702261494E-006
   1.3769594157739999E-005
  -1.3999826395928250E-005
  -5.1852855551457171E-006
   3.1482295910505078E-006
  -3.3666925345297036E-006
   2.4302158294355839E-006
   1.2697238890061694E-005
  -5.7204246376569255E-007
  -7.8221149247090661E-006
   6.1529044949634563E-006
  -2.8263330388236677E-006
  -8.4937658095489551E-006
   1.2704469648710430E-005
  -7.7094487949276027E-006
   1.2042371719473864E-005
   9.9269160973734696E-006
   7.8043842118632068E-007
   1.2130023925673462E-005
  -3.8463497064754239E-006
  -1.1153005571816954E-005
  -8.2854099064495149E-006
   7.6776790425053722E-007
  -1.3502845730068748E-006
   1.0374729130300468E-005
  -1.0083248112969980E-005
   3.2148208536997638E-006
   3.6559181121075847E-006
  -7.5452394294974650E-006
   8.7009010095264773E-006
  -8.4461679245372923E-006
   9.1790485150331381E-006
   3.9775142569255153E-006
  -1.3846298182814895E-005
  -6.4078636007650590E-006
  -1.2046764343364141E-005
   1.3222372021670431E-005
  -8.5472249768944525E-006
  -5.5389785626755797E-006
  -1.5434799155366816E-006
  -1.5676393469332044E-006
   4.2500495803341094E-006
   1.1216552706055927E-005
  -1.2846261945715720E-005
   2.6179313593571556E-006
  -1.2954241719918195E-005
  -7.6757163807671634E-006
   7.8470554153687536E-006
   6.4263343648785810E-006
  -1.3794561351280479E-005
   1.3534240688485577E-005
  -1.2155151336498693E-007
  -8.1760148795650663E-006
   1.3872821772835820E-005
   1.3824415172005887E-006
   1.5605096777617520E-006
   4.6617221714578220E-006
   7.9712714947670522E-006
  -1.3792571986661478E-005
  -1.1965714424440354E-005
   9.7538413755204022E-006
   7.6655959889470118E-007
  -1.3480442013084296E-005
  -9.9987468467038331E-006
   8.7719154136440582E-006
   5.1676940787497017E-006
  -2.0891599602405149E-006
  -1.1218687982844969E-005
  -1.1720408410045044E-005
  -7.2417611892968770E-006
  -7.7185945315988479E-006
   1.1930492371001449E-005
   1.7236509279602115E-006
  -1.1776070565055878E-005
   1.1500650376847438E-005
   4.6149444463561978E-006
   1.4018878901373311E-006
   2.7269782951169948E-006
  -8.8084859625629569E-006
   1.1223842592512131E-005
  -9.7188472502425429E-007
  -7.4414386561389313E-006
   1.3396768536122700E-005
   5.5133037427941133E-006
   8.6279220363220596E-006
   4.6730499149594956E-006
   1.2563110319843696E-005
   3.5442275911493418E-006
   8.0688762461075380E-006
  -1.2227115600233016E-006
   4.2046489609418990E-006
  -6.0579356994268623E-006
  -9.3417625191389263E-006
   1.2018718689138074E-005
  -6.3590774375581541E-006
  -1.0235274289038788E-005
  -4.8422336456114493E-006
  -3.2559223092844692E-006
  -3.3732147131631390E-006
   1.3040718045688633E-005
   8.6370925685254687E-006
   1.3140487637721895E-006
  -3.1946191707063346E-006
  -4.5062913780880400E-006
  -1.4787054024555926E-006
  -1.2347705809889493E-005
   1.4582176171679638E-006
   9.1960849529784065E-006
  -6.7318696805744637E-006
  -1.0080898259460288E-005
   1.8498287154224049E-006
   1.3901714289852717E-005
   1.0167709324914939E-005
  -1.5263633689490373E-006
   1.0873746844494670E-005
  -1.2754657713158913E-005
  -8.1961555274023996E-006
  -7.2891120726612142E-006
   1.2300849883494121E-005
   1.2584621397670245E-005
  -1.1001867266534479E-005
  -5.5106267789947197E-006
  -1.0492316219542163E-005
  -9.8041295757718546E-006
  -1.3717203105626180E-006
   6.9989318670950207E-006
   3.6800842192243055E-006
   9.8713206995646157E-006
   7.4255504420677170E-006
   1.3725828136121982E-005
  -8.6347770472910805E-006
   1.3979644740095415E-005
   4.9001922483703914E-006
  -2.8804931567899539E-006
  -3.6434745696585329E-006
  -2.6349801950685059E-006
  -6.6432428192259594E-006
   2.0522499032658327E-006
  -2.4591951308150549E-006
  -1.0915563555814875E-005
  -1.1125715227647574E-005
  -2.0079297968713826E-006
  -1.7703342393047498E-006
  -8.2513904363205621E-006
   1.2293498961881821E-005
  -2.3302602709110920E-006
  -1.1678491562921870E-005
   1.3754795039735371E-005
   3.5130309969898244E-007
   1.3230201687788358E-005
   1.3423110928023965E-005
   4.3141517530238295E-006
   1.3764520610389528E-005
  -1.1269830675281764E-005
   5.6664981698975690E-006
  -1.8083591415524961E-006
  -7.3560428433662537E-007
   1.3394218411007068E-005
  -6.1066350782711934E-006
  -5.5504007199343392E-006
  -8.9808864366760274E-006
  -3.4550456913500904E-006
  -4.3335370908044761E-006
  -1.1887922256973186E-006
  -1.2475732771846529E-005
  -5.0373582712784750E-006
  -2.9775714799091125E-006
  -5.2210807668473351E-007
   2.5538444454564595E-006
   2.9917907639308294E-007
  -7.4712924768643389E-006
   1.3321292843564234E-005
  -1.1672997445198925E-005
   4.4576911813723648E-006
   3.9692306418341247E-006
   7.9006004134025108E-006
  -4.9607343548459552E-006
   1.3085372891767297E-005
  -1.0820768329003428E-005
  -3.2142524638086208E-006
   8.0237617290095271E-006
   1.0666278812181563E-005
  -6.6682433913674288E-007
   1.7099456743937397E-006
   6.3222808678268377E-006
   7.7317848010357605E-006
   3.2983322060279804E-006
   6.6433029007077413E-006
   3.1227493207290971E-006
   1.1887214630632199E-005
  -2.7085132530493567E-006
  -3.1342506329559185E-007
   1.5698022802773529E-006
   4.7297477602753317E-006
   1.2846662488927600E-005
   1.3989505732502159E-006
  -1.0220387432997272E-005
   1.0545295688707719E-005
  -1.3827125514406270E-005
  -4.9424228543428709E-006
  -2.8773088382555130E-006
   6.8617057627051552E-007
  -9.4777135609709759E-006
   1.2753562895046443E-005
  -6.1777782284211640E-006
   3.2784271157462047E-006
  -8.8528060689574070E-007
  -3.6299896148585947E-007
  -1.2763282743654715E-005
   1.7704610779885116E-006
   5.1189613213043807E-006
   1.2066265075736781E-005
  -1.3876852954161092E-005
   7.1094741641792095E-006
  -4.7943286774706790E-006
   6.9701194587204994E-007
   1.3526752437772061E-005
  -7.3641271405260186E-006
   1.2640048948799835E-005
   6.9850005927161313E-006
  -1.2147601096954767E-005
   1.1564624757179082E-005
   1.0506488773522494E-005
  -1.0279874775681553E-006
  -4.6396255376024778E-008
  -4.6412544133307872E-006
  -6.7974653072399053E-006
  -1.3275784458974542E-005
   1.2644508329892092E-005
   7.8088493150013476E-006
  -9.1865987545770638E-006
   1.2921951261320522E-005
   5.2999877795875672E-006
  -5.6310500956462464E-006
  -5.9322051852179342E-006
   6.4409618215066893E-006
  -5.2154664861608262E-006
   1.1980548828394600E-005
   1.3863182032869924E-005
   9.6078033204691909E-006
  -3.2538795389038845E-007
  -2.7461776664064116E-006
   2.4168052612321377E-006
   5.2418155537822895E-006
  -4.0331363576151611E-006
   8.7295856255429228E-006
   4.8706855650952792E-006
   7.5851001547996583E-006
  -6.4703216389374457E-006
   3.0191612167425851E-006
   8.0963325296075535E-006
   9.8026733150943790E-006
  -2.4684743818902599E-006
   4.3221149335457166E-006
  -2.2455987873601932E-006
   4.6621093632293054E-006
   6.5648841692162764E-006
  -5.6827335214190786E-006
   3.3641815100609457E-006
  -6.8273658580066988E-006
   5.1551322806857140E-006
   1.3112836804661824E-005
  -4.8620738860398732E-006
   6.3245048363270821E-006
  -2.5309591229434386E-006
  -6.2353896937298106E-007
   1.7752342179300738E-006
  -1.3715467418374703E-005
   1.2984657254814548E-005
   7.2563285644432034E-006
   1.3172790494085651E-005
   1.0333713505404022E-005
  -6.2198352656684958E-007
  -7.0978259861080324E-007
   5.3948898179221813E-006
  -2.2978763522306465E-006
  -1.0178196881345980E-005
  -5.7381286476219928E-006
   8.6736488123296575E-006
   2.8938369677914202E-006
  -6.5182399585186120E-007
  -1.2260093658011083E-005
  -4.8788165922964300E-006
   7.6157760427837326E-006
  -5.5579709866388589E-006
  -8.6186218044119467E-006
   1.3990520441972253E-005
   1.1370153398417146E-005
  -8.5783672116180720E-006
   1.0288446400415771E-005
  -6.6483564208976191E-006
   5.8895530551986673E-006
  -9.4410171270426294E-006
  -6.7065820524644807E-006
   9.4162902594292774E-006
   2.8977889941486298E-006
  -5.3349685534250305E-007
   2.2628688755123912E-007
  -1.3454833950404810E-005
   1.2410839049476190E-005
   4.5372066383249279E-006
   2.1354560798135698E-006
   8.8255557791092152E-006
   5.3483390673072888E-006
  -5.1518468726739894E-006
  -8.1861219199448219E-006
  -1.3410119976518678E-006
  -4.7210025668159659E-007
  -5.7968749853642976E-006
   1.3925872767574926E-005
  -2.4301824508345940E-006
  -7.5579099464332484E-006
  -1.3365666355720268E-005
  -8.5970392010118477E-006
  -1.1754407853013403E-006
   5.6804427957168543E-006
   2.3719901978687223E-006
  -3.5564031511161600E-006
   1.1969900101004493E-006
  -9.6870174163385305E-006
   8.9939174425025022E-006
  -3.7431297207741153E-006
   1.3802452052554502E-005
   1.2265687911536998E-005
  -8.5751495144826412E-006
   1.1143312426089473E-006
  -1.2589139906569969E-006
   1.3767618144561395E-005
   1.3048629727797564E-006
  -1.1469508142123819E-005
  -5.9758443681521894E-006
   1.5787210424618664E-006
  -5.4435157638443345E-007
   1.2111518829284636E-005
  -1.2989396062480806E-005
   3.2829322732055334E-006
  -1.3685359920281772E-005
  -6.8538417643119239E-006
  -1.3923683131349986E-005
   9.9570235954664008E-006
   3.6555442717764973E-006
  -1.3983871424655056E-005
   8.3858337190621801E-006
   8.1612891944826162E-006
  -1.2901042905660420E-005
  -4.7255954623121824E-006
   4.1063880816733823E-006
  -5.9255027621391530E-006
   6.0642967071012320E-006
   1.3856159175221639E-005
  -9.4021444083297384E-006
  -1.2461306540498675E-005
   1.0183723423995601E-005
  -1.1954379051544168E-005
  -9.7136535399285073E-006
   3.8143005274791919E-006
  -1.7645196870123012E-006
   9.5924148317385119E-006
   1.1302768678738643E-005
   1.2762908903323628E-005
   9.9434051262625028E-006
   6.8205699748451459E-006
   4.2340087783726554E-006
  -1.2623513189869416E-005
  -1.1618890732994222E-005
  -4.9131297941140944E-007
   8.1712875159905760E-006
  -7.8817825118386933E-006
  -1.2851529088951934E-005
  -1.0709417316100969E-005
   1.0877431842043961E-005
   1.1051574679128706E-005
   8.9089164508958200E-006
   5.9589481203310788E-006
   4.8064193604235514E-006
   5.2043914663523622E-007
  -1.1526512116894448E-005
  -1.1082082720433517E-005
   1.1195583315239729E-005
   1.3040739026523541E-005
   8.7698058860614936E-006
  -1.1962650268869477E-005
   1.0134210560961429E-006
   6.5072707965590018E-006
   6.9852065863679549E-006
  -3.1370544354390739E-007
   1.3968402827282001E-005
  -1.7389650300943986E-006
   8.7444534080981587E-006
   3.2179450907524228E-006
  -8.3756990221273185E-006
   2.6854209832101981E-006
   3.3446292792753494E-006
  -3.9463786979220938E-006
  -8.4589118743952536E-006
  -6.7204141447147142E-006
   1.3569343532635232E-005
  -4.1248073473739485E-006
   7.4057426265659691E-006
  -8.8653163686084387E-006
   8.5303287290733418E-006
   8.3150176792019109E-006
   9.6039447541947532E-006
   3.7511596584979823E-006
   5.1866950857818069E-006
  -1.0662073108456830E-005
   1.0363876316607165E-005
  -6.2334070048310078E-006
  -1.3008228269159334E-005
   1.0071052525842568E-005
   7.5061454583437263E-006
  -3.1501254955867367E-006
  -1.0786148044056657E-005
  -1.7257738069831720E-006
   5.3594093187441828E-006
   1.2217830627111927E-005
   1.0257310841412350E-006
  -5.8323831410974020E-006
  -9.4999036549090919E-006
  -1.1651761979249121E-005
  -1.3620905841770187E-005
  -1.3631153072274100E-006
   3.1474418560671451E-006
  -8.6199903270525345E-006
   1.2088634460445929E-005
  -4.7180185198874647E-006
  -4.4268636591723648E-006
   1.4037704432331641E-006
   2.1546745245892666E-006
   1.2915721860701484E-005
   1.0711193057673634E-005
  -5.1014852395003590E-006
  -6.9260663811339688E-006
  -6.5195216967966260E-006
  -3.5330381304231979E-006
  -4.4408025629457662E-006
  -7.8860883513663963E-006
   1.0490406009891224E-005
  -1.3609677280397169E-005
  -1.3334610905359223E-005
   7.9559707440732610E-006
   7.8927173415229996E-006
   1.0785873385854225E-005
  -1.1522359818931299E-005
   1.5143337211522608E-006
   7.0227508367614461E-006
   1.0954021426201176E-005
  -1.2585968939475924E-005
  -8.1328229698840763E-006
   1.0864753695713665E-005
  -6.3962411719003598E-006
   6.7344665357314815E-006
   8.9958133470387312E-006
   6.9563484016263617E-006
   1.0711580249445117E-005
   7.8011531632873801E-006
   4.9659156673939088E-006
   3.2878379738767415E-006
  -1.2549205748345598E-005
   5.6172046519556169E-006
  -3.3339481269585667E-006
  -2.4430799422571091E-006
   3.8321647547290109E-006
  -1.2617177931401524E-006
   1.0631076785903252E-005
  -4.0126619237679283E-006
  -3.2774782098037763E-006
   1.3457309688923950E-005
   8.1030559335212426E-006
   2.1570587103742628E-006
   1.1738719910548128E-005
  -6.2723731836266707E-006
   7.2367877777493751E-006
  -9.1564912564841327E-006
  -1.2511801688076265E-005
   8.9627685320586847E-006
  -1.3667068446939282E-005
  -7.2082156953019814E-006
  -5.0481195322376335E-006
   7.5912151145010164E-006
   7.8340186874963948E-006
  -2.8824624942483607E-006
   1.3735233272206635E-005
   6.2766055902321958E-006
  -9.7017574065356906E-006
   1.1718818634963608E-005
  -2.6592264108276026E-006
   2.2203788701265041E-006
   1.2148408859098724E-005
  -1.1212272615734702E-006
  -9.8936443079066915E-006
  -1.3638763393299808E-006
   4.0523147480696700E-006
  -1.0669937106850061E-005
   5.9165839999546395E-006
   1.2517288176404698E-005
  -2.3927249848036767E-006
   1.2402313201109044E-005
   1.1720081299755342E-005
   1.0196460698133365E-005
  -9.1612243421045070E-007
   1.1713191956511017E-005
  -6.8932952706820400E-006
  -2.6135778361137526E-006
  -6.8917064492749185E-006
  -1.3905258143603536E-006
  -1.1552574128547398E-005
  -2.9416961595651187E-006
  -4.9675035351267162E-006
   1.3913703883328306E-005
   1.2283023803216862E-005
  -3.8054809474233342E-006
  -8.0501575266723763E-006
   1.4000654185232801E-006
   5.6058826304998272E-006
   1.3164253201626737E-006
  -1.2424129454716073E-005
  -5.1903991568173768E-006
   5.3116035327320683E-006
  -7.9107551374979664E-006
  -5.7063789223603563E-006
   1.7646064713748751E-006
  -1.2526321379506891E-007
   2.8110389214622846E-005
   9.3665460912402359E-006
   1.7686609969250985E-005
   1.9250543872226657E-005
   2.5659054493657622E-005
   9.2678431768222093E-006
   2.2764108125216694E-005
   2.0435399336816954E-005
   1.4401759234632425E-005
   1.7677454813487246E-005
   1.1794470017841407E-005
   1.3225230489527581E-005
   2.0492994097883533E-005
   2.6397274748642519E-005
   1.2509364881240568E-005
   2.1733938082293763E-005
   1.9173549778244635E-005
   1.7413295776768655E-005
   2.0635866507073655E-005
   1.2755944045020013E-005
   1.6458545394070981E-005
   8.6606516116570797E-006
   2.9280275344061791E-005
   1.5889164834425538E-005
   9.5413532910352212E-006
   6.8686741732345326E-006
   1.7207379685545353E-005
   2.8281901214353875E-005
   1.7649509389841140E-005
   1.8621890347078640E-005
   1.7318298604013480E-005
   1.7577059223995524E-005
   2.5445429486667698E-006
   1.0728122151835169E-005
   2.0284237560639211E-005
   7.3287905201080547E-006
   2.1496477490686874E-005
   2.0363571569041125E-005
   4.8335608350916270E-006
   9.9292674413306214E-006
   2.1427177988205605E-005
   2.6360655935793709E-005
   2.1401422501246297E-005
   1.1675317087497129E-005
   1.1406054106846676E-005
   1.1170821350922503E-005
   9.0623866985141563E-006
   1.5729637843268784E-005
   1.8876359720342133E-005
   1.8076981148556885E-005
   5.2361900347341158E-006
   1.9901890216265979E-005
   1.5358859191248754E-005
   1.9885734246557079E-005
   1.9903796137410885E-005
   1.6954424822134509E-005
   2.4250006595327190E-005
   1.8343864805048506E-005
   1.1569419477625179E-005
   1.9192283476250613E-005
   1.3510009589154709E-005
   5.2580095025810615E-006
   1.3703288646935508E-005
   1.0304835836184004E-005
   1.1661235963591303E-005
   2.0088437860975089E-005
   2.1503531224593388E-005
   5.0216442713752200E-006
   1.3820515442990209E-005
   1.6032756542103437E-005
   1.5167841113147098E-005
   1.2511913244386817E-005
   1.8552176051865971E-005
   4.2865321991821061E-006
   1.6663227033570884E-005
   1.6723003798373737E-005
   1.6379173599645713E-005
   2.6119603808294788E-005
   2.5474165954686747E-005
   8.5559594128427864E-006
   1.4631921257782806E-005
   9.9484709768014756E-006
   2.3430025821248488E-005
   1.3251385165161972E-005
   7.9957363413999215E-006
   8.9709707682357445E-006
   2.0986183800076354E-005
   9.3700944492692573E-006
   2.2373524582021492E-005
   2.4697210398525202E-005
   2.2553803874611482E-005
   1.5617876467492411E-005
   2.4478939650821702E-005
   7.8710738715931785E-006
   2.1092975836595405E-005
   1.4979373257893906E-005
   3.8607671431854827E-006
   1.3828607993949796E-005
   1.0743806066018317E-005
   1.5608840434564810E-005
   1.1263058703792540E-005
   1.4118307344267723E-005
   2.4946299404058239E-005
   1.3946637436950195E-005
   1.6375455223705616E-005
   1.2047500655627565E-005
   2.5366835533651992E-005
   1.1764166137110618E-005
   2.5274389132867634E-005
   8.4212291483103895E-006
   2.1689599049698547E-005
   2.6367304591287790E-005
   2.8720015067316602E-005
   1.7199729177775139E-005
   9.5043171460051575E-006
   6.8124506297759177E-006
   1.7891336235180241E-005
   2.0178866508625627E-005
   2.4537923370009850E-005
   1.0273023676400184E-005
   1.7261048000554384E-005
   1.2113685237382533E-005
   1.4879718745251674E-005
   1.5619047908868605E-005
   1.3727827108761036E-005
   1.1043360985053338E-005
   3.1203986403760423E-005
   2.2125904359326245E-005
   2.4584875737750631E-005
   2.1419901045263866E-005
   1.7522527353728451E-005
   1.3963071884231037E-005
   1.9935486899103967E-005
   2.1631450262481732E-005
   2.4095268220156618E-005
   1.3450450263107299E-005
   2.1325332320059041E-005
   1.3048174889198007E-005
   2.1052495714395887E-005
   1.8204542291788041E-005
   2.1941974158204633E-005
   1.1229031962089871E-005
   1.8172720409812535E-005
   2.3769509571198272E-005
   1.2256304914906528E-005
   8.1811113385034871E-006
   7.6701207712243872E-006
   2.3936252020283402E-005
   1.7324445055176044E-005
   4.1347224827982011E-006
   2.4769769290013130E-005
   2.2116457895418989E-005
   1.4465294521004186E-005
   2.6354712531223926E-005
   1.2812070866862615E-005
   9.9088479854848846E-006
   1.1061046877701800E-005
   2.5722763548037655E-005
   1.7245654520425500E-005
   9.7451640210510127E-006
   2.4223493567882120E-005
   2.6959048823379859E-005
   2.1399130492984954E-005
   1.3098885749043966E-005
   1.7667654015040243E-005
   1.5512965523138871E-005
   1.1108567237682509E-005
   2.6443185899888904E-005
   1.9711481699634341E-005
   1.8964017061230683E-005
   2.6721483350371853E-005
   3.0906119593383833E-006
   1.2504985486807738E-005
   1.9793786444458125E-005
   9.8407252129849257E-006
   1.4646422759722449E-005
   1.4988915763936106E-005
   2.4932305006293443E-005
   2.4920030311132868E-005
   2.2608435681426891E-005
   2.4187490180328996E-005
   1.0351633130263824E-005
   8.9234763083283966E-006
   1.9548102544930965E-005
   2.4307705237219991E-005
   1.7958005982242354E-005
   9.2383571961673285E-006
   1.1850096321987777E-005
   2.0857662442230756E-005
   2.4880135767720975E-005
   1.6560595025249403E-005
   1.4040959231959382E-005
   1.0831216483755364E-005
   2.0324400753857702E-005
   2.6543268227215343E-006
   1.6100459323693082E-005
   1.9840064536078558E-005
   1.8026777677574484E-005
   2.2878019938330636E-005
   1.4051098727146583E-005
   2.6843771141993167E-005
   1.3960146773131435E-005
   2.1139091739231133E-005
   1.6689935720914193E-005
   1.0875827508389887E-005
   1.9916610302153368E-005
   2.0173435124007451E-005
   2.2624239647899909E-005
   1.4999111107063836E-005
   2.0010268995982857E-005
   1.1877567117766554E-005
   6.0621122175149733E-007
   1.3205187746915767E-005
   2.2495841860536561E-005
   1.8231333607863308E-005
   2.1064636788991583E-005
   2.2149087613348458E-005
   2.4182179023785813E-005
   1.9883782900447612E-005
   1.7922087390746165E-005
   2.4635237537773553E-005
   5.7416788317213642E-006
   1.1035527761042324E-005
   1.6457574803523987E-005
   3.1191590706826349E-005
   2.1140646548729402E-005
   1.6528607273977271E-005
   1.4976832984520036E-005
   2.4703321002148199E-005
   1.2479133276203349E-005
   1.6022635934670808E-005
   3.0047572176931959E-005
   1.0322389774342870E-005
   2.3208889325210518E-005
   1.3988700020833704E-005
   1.1670245318757646E-005
   1.1734092789339727E-005
   6.2719981870120572E-006
   1.5066913648978637E-005
   2.3365530764427276E-005
   2.1956033639164524E-005
   1.9978851937986185E-005
   1.9768247938252240E-005
   1.6901555397642285E-005
   2.5902873192564936E-005
   1.6142519929138990E-005
   3.2547450067621055E-005
   1.1382235591536133E-005
   1.1408546050460428E-005
   9.0540294679902005E-006
   5.6864926756724115E-006
   2.3733094011730730E-005
   8.1524620496440434E-006
   1.4096702356648495E-005
   1.1690579953682573E-005
   2.6343801307034003E-005
   2.6390757514650372E-005
   1.7256277857428345E-005
   2.2717974957456937E-005
   9.4892510298088361E-006
   2.3336178372139601E-005
   2.0010193394268973E-005
   1.3513918585117424E-005
   2.3061140234699380E-005
   2.5988598663291963E-005
   2.4914217357785683E-005
   2.8835317187092222E-005
   1.6437715849573109E-005
   2.0748722005278815E-005
   1.7147458829089459E-005
   1.0341162335427359E-005
   2.5202196753700203E-005
   1.3135529927230499E-005
   9.2928046340654924E-006
   1.8817939344329547E-005
   1.6287889406572098E-005
   2.1614021209687469E-005
   1.8247796512018820E-005
   2.2527241581707865E-005
   1.4093776489799343E-005
   1.9310118357801946E-005
   1.3032692503546933E-005
   4.8264340798341315E-006
   1.6090308924822254E-005
   1.4604692001848735E-005
   1.2578902149987273E-005
   1.8398583517984233E-005
   1.9665633196121040E-005
   2.3068209172125658E-005
   1.8725371025145497E-005
   1.2685993223803224E-005
   5.8405789809216769E-006
   2.0879278133985953E-005
   1.7650244300396236E-005
   2.7579334589952961E-005
   2.6657842210385680E-005
   2.6519064327214282E-005
   1.7466406654118292E-005
   3.0335401039234831E-005
   1.6719023381989226E-005
   1.2901674500915701E-005
   1.4717907437638137E-005
   2.1593281675973824E-005
   1.8167301797015148E-005
   1.9646713883839295E-005
   7.6782737797626749E-006
   2.1258703448495467E-005
   1.9022051446754214E-005
   2.0502288660953753E-005
   2.2260618328076715E-005
   1.5555537682303171E-005
   6.4422072379379389E-006
   2.0877470007778337E-005
   2.1629972564333571E-005
   2.1221955002732963E-005
   1.6448799386800385E-005
   1.5306791916070360E-005
   1.9034762696500256E-005
   9.0302650475475370E-006
   1.1251851005817752E-005
   1.8431116446035401E-005
   1.2248191996753474E-005
   1.7026297767563261E-005
   2.0074458874046506E-005
   1.6210709052125410E-005
   5.0450761066466264E-006
   1.3143827494441532E-005
   1.0832446951942593E-005
   2.0775706162674366E-005
   2.0018026111137917E-005
   3.0370258030373407E-005
   2.0717225889939320E-005
   1.6392877240721441E-005
   6.3604816807710540E-006
   2.3814814254520308E-005
   1.5911234370224312E-005
   2.7560954580332945E-005
   1.6362024059551908E-005
   3.1730764927324663E-005
   1.3249532893237615E-005
   2.0449852852950391E-005
   1.6311622425220966E-005
   3.4236174310679062E-006
   1.2325085643852615E-005
   2.1286897428344493E-005
   1.6995891208184008E-005
   2.3384063134656349E-005
   1.7867663972749283E-005
   1.1442038446298538E-005
   2.0370031101856757E-005
   1.0381698845935757E-005
   3.1280048077801267E-005
   2.6721491513215342E-005
   2.8058294043924197E-005
   1.9961818789298784E-005
   1.3621723914961047E-005
   1.7673339553973329E-005
   2.7663849341935351E-005
   1.5136314582943646E-005
   1.5726248538801337E-005
   8.2528412721784950E-006
   1.7462753786528536E-005
   2.1370433497396922E-005
   1.6497081297901233E-005
   2.6230475641472800E-005
   1.6555974168881657E-005
   2.7009378813115291E-005
   2.2672442838241804E-005
   1.4640682257308892E-005
   2.1575384961971449E-005
   1.2775533424542344E-005
   2.1754104868114804E-005
   1.0654919804738568E-005
   2.6419582668251808E-005
   1.2170857835716355E-005
   5.7756340454747585E-006
   2.3382331194053286E-005
   1.1994118971838553E-005
   1.8874467048416275E-005
   1.4378533961817402E-005
   1.3980479849306043E-005
   1.9843401592046878E-005
   1.5366346769386790E-005
   1.6064099796608193E-005
   2.9599074834503739E-005
   2.5237727896920719E-005
   2.4174116526342614E-005
   2.0560244653553977E-005
   1.8369345309895200E-005
   1.6247377630911627E-005
   1.1901186579914410E-005
   2.0483257150341392E-005
   2.4266183468871732E-005
   1.1808907787182757E-005
   1.6538177816617794E-005
   2.0603988673303107E-005
   5.4873793562982456E-006
   1.9270300605380289E-005
   1.5123347492073924E-005
   5.4646711019774113E-006
   1.2633961428762841E-005
   1.7965308630908778E-005
   2.0721046882138420E-005
   1.9669480252407840E-005
   1.5944486927530315E-005
   7.3082881236176659E-006
   2.3165402443252296E-005
   6.1354978434845866E-006
   1.2881376135707190E-005
   9.7617280017397006E-006
   2.7992241038466729E-005
   1.9371139307413178E-005
   1.3414004332796390E-005
   1.6000520939446124E-005
   2.6980469059740843E-005
   5.2141009560352707E-006
   2.3554531461130735E-005
   1.9845778078100777E-005
   1.9066710544493591E-005
   8.0937296743299506E-006
   1.3692090483089205E-005
   2.3545157437644850E-005
   1.8967109077592051E-005
   1.6990194658590809E-005
   1.4498436803158577E-005
   2.3192708366283637E-005
   9.4575067845168931E-006
   2.0458407192744024E-005
   2.7485687185644673E-005
   1.4863072602584296E-005
   2.6010453657987932E-005
   2.0952049484698076E-005
   9.9640721321983888E-006
   2.4613660655923936E-005
   1.6116962297279404E-005
   1.8774893604693880E-005
   1.2496657044968761E-005
   1.9155944133841554E-005
   1.4877624288044521E-005
   8.5833489616111509E-006
   2.2727454338479973E-005
   1.4176317397131518E-005
   7.8146307379629864E-006
   2.0763703594973348E-005
   3.2429602813095397E-006
   2.7701542973710340E-005
   1.2028980717079096E-005
   1.0625328798276534E-005
   2.1570016746802020E-005
   1.5021061406806068E-005
   2.9059502280041541E-005
   8.8353438666574174E-006
   2.3396836719863206E-005
   2.3202472304065387E-005
   1.5002946146258688E-005
   1.3598780539113292E-005
   1.0769037469657966E-005
   8.3980227495567786E-006
   1.5973250216589687E-005
   1.0049082386362464E-005
   8.0019284432859756E-006
   2.0698073536949636E-005
   1.3082058669632081E-005
   1.2678029337319139E-005
   1.2637902877834963E-005
   2.2674676569047975E-005
   1.4200752322406547E-005
   7.8195263010233593E-006
   1.6044769578709865E-005
   1.5131389351350224E-005
   1.6738402245847753E-005
   2.1581381201213738E-005
   9.3377105162810294E-006
   9.4318155601158315E-006
   2.1239624963898806E-005
   1.5150848152652466E-005
   2.2439250653231721E-005
   1.8530886356072933E-005
   3.1949687814760093E-006
   2.5001731159935985E-005
   9.7647144879630888E-006
   1.7690930458604087E-005
   2.8002813692302648E-005
   2.1445465882096426E-005
   2.1599842020308480E-005
   1.0110615353912438E-005
   1.2444374220883173E-005
   1.4803418153958135E-005
   1.4781879843035434E-005
   1.4878568266986668E-005
   1.6463621230282668E-005
   1.2233749746889082E-005
   1.5060101564768236E-005
   1.7093501369494109E-005
   1.9014513846751612E-005
   2.7063576209517564E-005
   2.8992094375808986E-005
   7.4972142757598912E-006
   1.0574375592141451E-005
   1.4785163988620277E-005
   2.5916403055774609E-005
   1.8948865857409536E-005
   3.2703557650676458E-006
   1.6181451096097443E-005
   1.8631307611167111E-005
   1.0179777230712289E-005
   2.6349213227469215E-005
   2.0298791724373057E-005
   1.1466934468295711E-005
   1.3936039169041044E-005
   1.8882575876983656E-005
   2.4228395837671146E-005
   2.3766992893322552E-005
   1.3767130396268211E-005
   1.8412151066665043E-005
   2.2093698482473514E-005
   2.4591314672031141E-005
   2.6275961588556578E-005
   4.4483070264924862E-006
   1.7513231799199281E-005
   1.2394762283331514E-005
   1.8147776295717756E-005
   1.0510538760672534E-005
   2.3863568756543190E-005
   2.5458566357898953E-005
   2.6503106902786960E-005
   2.5773289354282131E-005
   1.6515050627196151E-005
   2.2693330527505557E-005
   1.0720142232285241E-005
   2.8558595180815697E-005
   1.6108310050821970E-005
   8.2027311596185275E-006
   2.3914852409939615E-005
   1.0836081237224592E-005
   2.2435446802549736E-005
   8.5182236939656289E-006
   2.3944714439384030E-005
   1.4661188850532393E-005
   1.2965275733503354E-005
   2.2351580022193435E-005
   2.4475432325675841E-005
   1.2450511389477186E-005
   9.1215996374957103E-006
   2.3784651154987272E-005
   1.3813477360715385E-005
   1.7783928361048757E-005
   1.3590742156452540E-005
   9.6047443689843689E-006
   2.0601290065660467E-005
   6.9577135401248771E-006
   1.3826960497552717E-005
   2.9467813239941674E-005
   1.3666416194220105E-005
   2.3500891261618180E-005
   1.6538120158857900E-005
   2.7882971348705454E-005
   1.4318198284304800E-005
   1.1886935283457586E-005
   1.9597084367938490E-005
   7.9994721692395447E-006
   7.3849786862585581E-006
   2.3200936067722129E-005
   1.5220030478425229E-005
   1.5735373624390850E-005
   1.3378889954724724E-005
   5.6948999757645657E-006
   2.4398105175926649E-005
   1.4298477841659315E-005
   1.8324673719215412E-005
   2.2656183722816255E-005
   2.2487496567745036E-005
   1.5732957227909901E-005
   2.4382863816875236E-005
   1.1730872660293567E-005
   1.7841041944660799E-005
   2.6362616933669274E-005
   4.5952927776601455E-006
   1.9999456700313722E-005
   7.5474723290950177E-006
   8.7613583229785881E-006
   2.3109857646718992E-005
   1.6478722036589762E-005
   2.8130304768297889E-005
   1.4249827152795427E-005
   2.3428710298009222E-005
   1.7893812933509344E-005
   1.7795071843003655E-005
   1.7365013511648832E-005
   2.0385986140718172E-005
   2.2732227912470450E-005
   2.5804424312210455E-005
   2.4290197727470823E-005
   1.4468422758183073E-005
   1.3449478885502113E-005
   2.1472167544079298E-005
   1.5730621742871082E-005
   1.0779213954024087E-005
   2.3555103899853707E-005
   2.3358993468953613E-005
   2.5748986430244479E-005
   2.2168437822173198E-005
   1.2002431170976594E-005
   1.1393325613814090E-005
   8.8377490487797202E-006
   1.2320271115394143E-005
   2.4416541088938434E-005
   1.9220900241390208E-005
   1.4660365270907835E-005
   8.2894297819480655E-006
   2.5855510281988731E-005
   3.0602790957981948E-005
   1.4519380078323267E-005
   2.9894190588207985E-005
   1.0382844725476318E-005
   7.3235673258048732E-006
   3.0639302157492282E-006
   2.0350037660687567E-005
   2.1320366469707661E-005
   7.5475915419294629E-006
   6.1392709103763651E-006
   2.4098826484755199E-005
   1.5307701326116045E-005
   2.1423897306982784E-005
   2.7696935941553762E-005
   1.1569802849466322E-005
   2.2060219183621982E-005
   2.1035639081508800E-005
   2.5196141464056334E-005
   9.2372740140291045E-006
   2.3110162746930675E-005
   2.3118639952317956E-005
   9.4435212287276841E-006
   4.2349705260252841E-006
   1.6938720672394502E-005
   6.5052576387890807E-006
   1.9146878726352590E-005
   2.6254016105716624E-005
   2.0631171810045394E-005
   2.4873144228312741E-005
   2.1517904587955652E-005
   7.2183667637303161E-006
   8.8892494220958590E-006
   1.8593289509114615E-005
   2.2955350328165782E-005
   1.7769473753531697E-005
   3.0582276177507594E-005
   2.2572425325388777E-005
   2.8258431904503813E-005
   2.3346100616604051E-005
   1.3606264273908207E-005
   2.2625358329474553E-005
   1.0342425386875441E-005
   2.5644185774861047E-005
   2.1557935174184704E-005
   2.5857402428592047E-005
   2.3017050583000696E-005
   1.5820166438384004E-005
   1.8171543763657554E-005
   1.6918697077642706E-005
   2.4753683022820474E-005
   2.2551423780806608E-005
   8.7332340264610392E-006
   6.4530323550926972E-006
   1.6516315830968030E-005
   1.2955771032483525E-005
   7.0208634231782242E-006
   1.4138529241674751E-005
   7.6602381002188603E-006
   5.8464252011814877E-006
   2.2757820410287824E-005
   6.9025365595000067E-006
   1.2582864760006722E-005
   2.2366395709688899E-005
   3.0064199706633631E-005
   2.0422256529253303E-005
   2.1395393764792986E-005
   2.2978001934664989E-005
   2.3698677854567574E-005
   1.4604240432955485E-005
   2.7084097298830837E-005
   8.3117886066295752E-006
   1.0368504901695659E-005
   1.4180761463011971E-005
   1.5210167613495549E-005
   1.4665752787570850E-005
   2.7740901201430323E-005
   1.8111113889393901E-005
   3.0431095716010114E-005
   9.3430525126491873E-006
   2.3743477230063965E-005
   2.1577705691312549E-005
   2.4735385257272569E-005
   2.8603827368821136E-005
   1.4608819549075007E-005
   6.3916273626600478E-006
   2.2656738348152947E-005
   2.5072696652782631E-005
   2.4385718848368618E-005
   1.7172374096678928E-005
   2.6189877115269466E-005
   2.0344765849409640E-005
   1.9892037408645607E-005
   1.3046324471418208E-005
   2.0529871560579214E-005
   1.9189706373115997E-005
   1.4497463274816159E-005
   2.0237296148158896E-005
   2.1494651675830806E-005
   1.1627019937881852E-005
   1.9226643858022350E-005
   1.5906299069564184E-005
   2.5804071838978989E-005
   6.2531530346754082E-006
   1.9687998101041452E-005
   2.3310250324643615E-005
   1.3174159017811867E-005
   2.0040849908768788E-005
   1.5780406672615560E-005
   1.5672686389825320E-005
   2.5259671536250368E-005
   2.7573680140182427E-005
   1.3984164376677309E-005
   1.7617669840151534E-005
   1.2244145612600623E-005
   7.6529964874743223E-006
   1.5363578520119016E-005
   2.9215454094341329E-005
   2.4874537257508938E-005
   2.7297618798456025E-005
   2.4036795323287973E-005
   1.8217383308600821E-005
   1.4637382169639202E-005
   2.0839989441388774E-005
   1.7714102987856582E-005
   5.4843102767100768E-006
   2.8515999656499642E-005
   2.0863564738245808E-005
   1.8702783369750366E-005
   2.0313150044234629E-005
   1.4443142969192307E-005
   1.6441085436162021E-005
   1.3903623414475918E-005
   1.7271659992246128E-005
   2.2746229251603858E-005
   2.4336906816512609E-005
   2.1981014289076631E-005
   2.5400274726985346E-005
   9.2575807944848913E-006
   2.0846712612659406E-005
   1.7878914099157523E-005
   4.1474677003662027E-006
   1.4150874403796416E-005
   2.3156963997178459E-005
   1.5396615116156557E-005
   1.3088296464327640E-005
   1.6842929803144606E-005
   1.0209525414276006E-005
   2.5683341872947945E-005
   2.0773170085096326E-005
   2.3131541193402619E-005
   1.2374794630566751E-005
   1.4465853284618445E-005
   1.7268408666313949E-005
   1.4606045573531445E-005
   1.9983658328418402E-005
   2.3437203200365388E-005
   2.3820577856682222E-005
   1.9742186662836079E-005
   1.9439072606826901E-005
   1.9939339782409088E-005
   1.4051065228602614E-005
   1.1689537708747566E-005
   2.3496359603968066E-005
   1.5047634070229803E-005
   1.2996370804314551E-005
   2.7245497573335569E-005
   1.7831075112244521E-005
   2.8144595900969493E-005
   2.1985546455944392E-005
   1.3948194093137641E-005
   6.1593838735886694E-006
   1.9575335106532379E-005
   1.7285442745989659E-005
   2.7291690679398332E-006
   2.6883025612437877E-005
   2.5074251363945735E-005
   7.6584559053530392E-006
   2.0300518686199852E-005
   1.1715504844641369E-005
   2.3608270059073816E-005
   7.5124983230789558E-006
   2.2799432661522362E-005
   2.5474638854012860E-005
   1.2967401235655432E-005
   1.6589219040585762E-005
   1.2446929837657751E-005
   1.8083820094665564E-005
   2.3405611087424098E-005
   1.5073134400515539E-005
   2.2172922845785003E-005
   2.4431328513254354E-005
   2.6184087369021694E-005
   1.4670493152101983E-005
   1.0142236037183660E-005
   9.2959370203000303E-006
   2.7464264012280614E-005
   2.0465291490317985E-005
   3.2692365664675214E-005
   1.1703609883287510E-005
   1.6054498863335473E-005
   1.3105058989572749E-005
   4.3226908074205844E-006
   7.5141046362472100E-006
   2.7192585910310937E-005
   2.4054682412864597E-005
   5.3735194533481513E-006
   7.9747536345421744E-006
   1.1008729268367191E-005
   1.9624726372002908E-005
   1.8453360262251063E-005
   2.0552177103533284E-005
   1.9153861191293876E-005
   1.3774602147656666E-005
   2.1625344335875372E-005
   1.8595529165586723E-005
   2.0369935143541461E-005
   1.3234402555405538E-005
   1.2050493419518575E-005
   8.0684452478052861E-006
   2.5285577183808875E-005
   2.3333780955989369E-005
   2.9720554211255142E-005
   1.9936033276984982E-005
   2.5914966013733920E-005
   1.5363049914685258E-005
   2.4096970993219055E-005
   1.1791766742945341E-005
   2.3053208785912259E-005
   2.4757783633746330E-005
   1.6958827816492695E-005
   1.8244899041332886E-005
   1.8358040154096925E-005
   1.1336079503749266E-005
   1.0048265950196731E-005
   1.4560331868804933E-005
   2.5088805315091401E-005
   2.1152831870308864E-005
   2.5554004448973850E-005
   1.5774483854937743E-005
   1.7422711285587951E-005
   1.9502878775780420E-005
   1.9788895685509740E-005
   7.4616106965436627E-006
   1.1932718177002902E-005
   1.9177974318283384E-005
   2.6232990056604285E-005
   2.3655202901494386E-005
   2.4104191457192793E-005
   1.6958990116862321E-005
   2.6612150005676272E-005
   1.3672740929898170E-005
   2.0656667525808748E-005
   7.5673256565421081E-006
   2.2949669783919130E-005
   1.4844036363177584E-005
   6.0965967121185043E-006
   1.5722458624600275E-005
   1.7313652369636764E-005
   2.1959843816753431E-005
   2.2596492419844018E-005
   1.5380986055899501E-005
   2.1301845554651566E-005
   2.5640758530176609E-005
   2.5969184260221615E-005
   7.6625209471154546E-006
   1.3743444100030883E-005
   2.6270922995218359E-005
   2.3698845646010068E-005
   1.6815993818253594E-005
   1.3581439157909093E-005
   2.5345736037617138E-005
   1.8080193687283598E-005
   1.7359809338088418E-005
   1.4480820234302188E-005
   2.5064330388174639E-005
   1.9487743262093191E-005
   1.7548575857751805E-005
   1.8300372789889962E-005
   1.4722009343752720E-005
   1.7234041846570515E-005
   2.7505009042005932E-005
   6.3684589810368123E-006
   1.6316311149645045E-005
   1.5260507873888970E-005
   2.2557477439882745E-005
   2.0371226178534935E-005
   1.9069657290731103E-005
   1.3047581028696793E-005
   2.0929697164677007E-005
   1.5809427719841601E-005
   2.0697713586074235E-005
   1.7511923069827692E-005
   2.7937781396790741E-005
   7.3823366629836126E-006
   2.5962168173195137E-005
   1.9408355007972365E-005
   8.9176632718722377E-006
   1.6481104611463142E-005
   2.3264862236324331E-005
   1.5823199777764567E-005
   2.2180498831336170E-005
   1.2681781853585287E-005
   1.8084508806756800E-005
   1.8722535293887827E-005
   1.3062390853770583E-005
   1.1206024373422201E-005
   1.6287404221313395E-005
   1.0100721247035626E-005
   1.6141527673884825E-005
   2.4144767338531035E-005
   1.8273939593797026E-005
   1.9461296280779427E-005
   2.1564988174651443E-005
   1.0716976134742215E-005
   2.4438467392125524E-006
   2.2036319968259760E-005
   1.0707446324132268E-005
   2.8433573740616350E-005
   2.1955772274862809E-005
   2.1405399122751382E-005
   1.5497747532593227E-005
   9.8952790993024353E-006
   2.2801765268253112E-005
   1.3129643357682010E-005
   2.4894553014737023E-005
   1.8309262805690089E-005
   2.5331650041178236E-005
   9.8423148412588903E-006
   1.8262859748023194E-005
   2.3031740574468785E-005
   2.6028666033429847E-005
   1.1198077455978277E-005
   1.4110002621420192E-005
   1.6498216877368813E-005
   1.8590398579984545E-005
   1.7529603960905940E-005
   2.1996161219859258E-005
   2.3525517597713834E-005
   8.0314236892071247E-006
   1.8828510781792500E-005
   1.9567305588988072E-005
   1.3488974118273727E-005
   1.7592807640288740E-005
   2.7477871995162178E-005
   2.3427355283270893E-005
   2.3447129139024196E-005
   1.8300185664235492E-005
   1.9269022846045061E-005
   7.1771752110791540E-006
   5.3385737994977762E-006
   1.5471289651370788E-005
   1.8579714173124277E-005
   2.6569397151564554E-005
   2.1160868421125989E-005
   2.6090449697753295E-005
   2.1030489617321330E-005
   1.7277184780436118E-005
   1.9646795319809659E-005
   2.4192959417507637E-005
   7.9490225014444397E-006
   2.1283455382071745E-005
   1.5457340908085227E-005
   7.0857709701919821E-006
   2.8319312987371227E-005
   1.6759380068884181E-005
   2.2919891647442724E-005
   2.7595703254825623E-005
   2.4544294707271063E-005
   2.5647147347298171E-005
   8.8822787104894704E-006
   2.4252604582520295E-005
   1.7513828568500489E-005
   1.4091301881249878E-005
   2.6054654782062062E-005
   1.4201425175529543E-005
   1.8010211861063475E-005
   2.8462043334248312E-005
   1.6905944456063993E-005
   1.1371911001780227E-005
   6.0240535819588901E-006
   1.9187674488538654E-005
   1.4605581896885833E-005
   2.8611836702622982E-005
   1.9071621288341121E-005
   2.4346554995275493E-005
   2.0803150523195115E-005
   2.8840393553617356E-005
   2.9120568552903958E-005
   1.4138238675401682E-005
   2.2499336305034574E-005
   1.1393577486715998E-005
   1.9032150770679656E-005
   1.3993401715837523E-005
   1.6091180748710326E-005
   1.7794257324043824E-005
   5.2889088735372236E-006
   1.3032905515353917E-005
   2.2154167043626515E-005
   3.0691246077723331E-005
   2.4354219137625178E-005
   1.7649816313968875E-005
   9.4921717576284920E-006
   2.9597051291259778E-005
   1.6085475160744911E-005
   9.6896592480059285E-006
   2.4344365442874007E-005
   1.7512953007816438E-005
   1.4298592489829726E-005
   1.9394627449985185E-005
   1.1727015851062853E-005
