  -1.3999786341607062E-005
  -1.1577968568180549E-006
  -1.2682753530906372E-005
   1.2171400039460599E-005
   9.2670287851967514E-006
   8.3160114078370973E-007
  -3.2643670953349255E-006
   5.2296333180952732E-006
   9.6926727050205413E-006
   4.3097247968582487E-006
   1.1488981217941353E-005
  -1.2670997587637713E-005
   3.7138767148665267E-006
  -3.7705202007464649E-006
   6.2344894251773961E-006
  -1.1964799850773230E-005
  -6.3641242820278339E-006
  -6.2351226649218910E-007
  -3.9405841727902392E-006
   1.1134372683070052E-005
   1.1330285997394754E-005
  -5.0670785775999228E-006
  -6.5479602648400598E-006
  -1.1935026138690198E-005
  -6.2417116007573064E-006
  -9.9552345024533397E-007
   7.3223972135683883E-006
  -1.0489772770146729E-005
   1.0310916874602203E-005
   6.3115329583080752E-006
  -7.4705447962021641E-006
   3.7165737058265143E-007
  -2.4617385802104888E-006
  -2.3689527451786372E-006
  -5.9580602495447462E-006
   2.0063342997440631E-006
   9.6459483856805011E-007
   6.9521884742687005E-006
   3.4957733066037083E-006
  -8.0429611002989440E-006
  -1.1452271432572611E-005
  -2.3997945724933472E-006
   1.2261121718921573E-005
  -5.1088952889201270E-006
  -9.7906245938113225E-006
  -3.1436967770360731E-006
   2.4412231383677541E-006
   1.2751445738069366E-005
   1.3532539333509404E-005
   1.8171577407734459E-006
  -1.0071458791100331E-006
  -8.4068012025297501E-006
  -1.0452061626748288E-005
   8.4860420012798816E-006
  -3.0992097776366733E-006
   1.1246852846360286E-005
   1.0798150988972641E-005
  -1.2010221451000348E-005
  -1.0216942761375109E-005
  -4.2133273971992850E-006
   1.2086879699708172E-005
   5.0285796992181192E-006
   2.8110198903637945E-006
  -1.0571470233929721E-006
  -1.6987571673419098E-006
   9.8355445613492777E-006
   4.0416812794685873E-007
   2.1480598395473734E-006
   6.4329299764341943E-006
   8.4201659943661245E-006
  -1.3465414966918623E-005
  -3.0959319990194606E-007
  -8.4124688889778429E-006
  -1.3902721369928300E-006
  -1.5113496742237597E-006
   1.0682113620491193E-005
   8.5861911556901153E-006
   1.3975259745599650E-005
   3.2578048623803021E-006
   7.6538543507930629E-006
  -8.2526721745985760E-006
   7.3921317867565832E-006
  -8.0206908977184521E-006
   1.2660469023211170E-005
  -6.4619903401303552E-006
   7.7522392077223994E-006
  -6.0996389235037007E-006
  -8.6289357921178400E-006
   8.9523277056690297E-006
   2.8282813954471665E-006
  -7.4592227747463744E-006
   3.7720832729471084E-006
   3.7360343838779668E-006
   1.5095138511693126E-006
   5.6837005471734731E-006
  -4.1089725390643182E-007
   1.5913982351178479E-006
  -1.0210700962989989E-005
   2.4673328337364037E-006
  -6.7524041959034784E-006
  -1.4877576790440659E-006
  -6.8901777093495790E-006
   1.2453075377494554E-005
  -4.9963226192214355E-006
   4.5179538612739271E-006
  -4.3731107601381559E-006
   9.2186813121742858E-006
   9.6313094849606248E-006
   8.8788337483350528E-006
   5.7945976111024693E-006
   5.4790115218113569E-006
  -9.2069930797819208E-006
  -1.1762331932888416E-005
  -1.3822439158827282E-005
   4.4534931070421436E-006
  -6.1519164883741539E-006
   5.2108402120636197E-006
  -1.1093678446417424E-005
  -7.8208198349906562E-006
  -9.5123338459177477E-006
  -1.2583131758391779E-005
   5.5967235423881861E-007
  -1.2390697447964543E-005
  -1.3953597033557175E-005
  -3.4285898122054593E-006
   6.6908416579119362E-006
  -1.3003548589300543E-005
   3.0131187362890909E-006
   1.2712795225471637E-005
   1.3279062237591755E-005
  -2.1185998863136471E-006
  -7.1515922365826372E-006
  -1.3481683697041122E-006
  -1.0736013385369758E-005
   1.3152904477290155E-006
   2.7820587087962895E-006
   5.2476043568682601E-006
  -1.0538158390141755E-005
   1.2152847259356073E-005
   7.5351924705994913E-006
  -1.2981712308532921E-005
   1.7528572038264141E-006
  -3.5989608673783410E-006
   4.2843246351792139E-006
  -1.0501548740575982E-005
   3.3892764959595010E-006
   2.6192722254426374E-006
   7.6144332693496228E-006
   1.3361040081623062E-005
  -1.5139665565413714E-006
  -9.2013787990954119E-006
   1.3015830960790530E-005
  -1.0532237026326138E-005
   4.9579906338445816E-007
  -3.6802644636696512E-006
  -3.1063194196475317E-006
  -2.1957979146831940E-006
  -1.1060867281644307E-005
   7.6828861042598038E-007
  -7.4797305871945972E-006
  -1.3909597361732228E-005
  -2.0946540779634600E-006
  -1.0246910069343883E-005
  -9.2076539760815217E-006
  -4.2702379118871427E-006
   9.1234206922976083E-006
  -4.7758436082424470E-006
  -1.2730464903161400E-005
  -1.7893066361074350E-006
   1.3362668957351371E-005
   6.6560268234051086E-007
   2.5644645626171463E-006
  -7.5018138696095454E-006
  -2.6997346809890009E-006
   9.8148498287355113E-006
  -9.8450717677461223E-006
   8.8313827291677457E-006
  -9.6484117264335591E-006
  -1.0919462176410500E-005
  -1.3372662510487761E-005
   5.5568828442465867E-006
  -1.0060110066763750E-005
  -3.3567924414760857E-006
  -1.3262493100060346E-005
   5.9834670869439791E-006
   1.6714668231725301E-007
   5.5596275189222742E-006
  -1.3649177516808671E-007
  -1.6432352024552338E-006
   6.4781856373306770E-006
   6.1777114712191841E-007
   1.2187042205558801E-005
   5.8925971836089504E-006
   2.9550666734473770E-006
   8.5370445035925190E-007
  -2.4221649108768090E-006
   1.1767065018508790E-005
   7.6756095692439956E-007
   1.1186592073807351E-005
  -1.3865163768094413E-005
   1.0045444463163081E-005
   5.6691951608575566E-006
  -4.3518619427479564E-006
  -4.5217323189059890E-006
   2.0491180368186618E-006
  -1.0794712993070677E-005
  -2.2846317233578359E-007
  -9.4582938909150253E-006
  -9.8209657421111833E-006
   8.8036594168598107E-006
   1.1234102220782126E-005
   6.2200355372744355E-007
   1.0345830891237686E-005
   8.7330703514862731E-006
   1.0661952945493266E-005
  -1.1959672897661174E-005
  -3.9373798270952044E-006
  -2.3297061861346589E-006
   7.5420818138438161E-006
  -3.4304389867003023E-006
  -1.0591297122917748E-005
   5.0735607019121703E-006
   1.0057960484859997E-005
  -1.3794307673912955E-006
  -1.0919488879291292E-005
   9.3372688057713656E-006
  -3.6903314497282189E-006
   1.3871211970593791E-005
  -3.5210218340668174E-006
   3.8936195275230713E-006
   8.3729686525663410E-006
   2.8629836963849423E-006
  -3.3052625572678072E-006
  -6.6042632889899006E-006
  -1.1747198075199574E-006
   7.1639556703893131E-006
   8.2566566258824615E-006
   6.1363410794779312E-006
  -9.7980880489926744E-007
  -1.1932195633326250E-005
   9.2826690439463261E-006
  -5.7947854849423270E-006
  -1.0343561146370370E-006
   2.6859550408260373E-006
  -1.0331357929848446E-005
   9.3345718148113779E-006
   1.3496904339092538E-005
  -8.5489940427469196E-006
  -6.1937198482539622E-006
   6.4525451497245145E-006
   9.7653102628205476E-007
   1.0337259266503468E-005
  -6.2533140024614116E-006
   8.9069995655246832E-006
  -7.1896037873899876E-006
  -1.0471060726431765E-005
  -8.5070237898621616E-006
   2.8673419879999152E-006
   4.6857337833356751E-006
   4.9298248166549513E-006
   2.0816841072930810E-006
   9.9423026787555206E-006
  -6.1741933666748438E-006
  -1.1429580659619645E-005
   2.6364555292322615E-006
  -5.1183414330002817E-007
  -7.9125308790706315E-006
  -1.2588993040725614E-005
   2.0552005715933439E-006
   9.0895461806643832E-006
   1.4164543116093435E-007
  -7.1959657487386712E-006
  -3.8929128548563985E-006
   4.6581916691473997E-006
  -9.5996856447084361E-006
  -1.7572698548772850E-006
  -6.5894765687513545E-006
  -1.1950860946999828E-005
  -1.0577818843838008E-005
  -1.3073837247265171E-005
  -6.7893209285983585E-006
   7.3937740139252885E-006
  -4.0226488011841201E-006
  -1.0805013629336174E-005
  -1.3488966907777128E-005
   1.1058979006502590E-005
  -3.2924384987674700E-006
  -1.3502017940764197E-005
   1.0578306171412461E-005
   1.2377941100340500E-005
   3.9965591329760644E-006
   3.5322647005545452E-006
   7.7396888537501797E-006
  -1.0474184963484424E-005
   5.1504859794279136E-006
   1.2437387435029279E-005
   9.2322196727358079E-006
  -7.6303281591410350E-006
   4.3457736859273902E-006
   8.7445392387864185E-006
  -8.1830243857729549E-006
  -1.0143963788170692E-005
  -3.8473977945465082E-006
   9.5666999575358576E-006
   1.3168365445268698E-005
   5.4299239975212285E-006
  -7.6228313253586932E-006
  -1.0164171193210005E-005
  -1.3124859776738403E-005
   8.7692985313264464E-006
  -1.3992296183544918E-005
  -5.0806236138816428E-006
  -2.8240165639149654E-006
  -1.2428228346917638E-005
  -5.8101463171179001E-006
   2.1174716896001870E-006
   3.0245551986625603E-006
   6.6596317123120228E-007
  -4.6377763631076348E-006
  -2.7220582893310767E-006
   3.1899261394071482E-006
  -9.2009849316037305E-006
  -1.2313245742227473E-005
   1.3781002009884049E-005
  -1.0437361690872316E-005
  -1.5369977912244341E-006
   1.0038307164597117E-005
  -1.0520040485524412E-005
   4.6016731146025953E-006
  -1.1867427795965359E-006
   9.8618278254430751E-006
  -8.4383439804652490E-006
   5.1342162956310999E-006
   5.2651748524293676E-006
  -1.3893088305682601E-005
   4.8949718351755638E-007
  -5.0169238917524301E-006
   1.2375476805913128E-005
  -1.3331900562958839E-005
   1.0817844363556709E-005
  -9.1678733594217042E-006
   1.2225040404925756E-005
  -7.9091930189716369E-007
   9.1886138684025426E-006
  -5.5610952236915178E-006
  -6.5859117341656283E-006
  -9.3160142663352820E-006
  -1.0072747205098543E-005
  -3.3716993246781955E-006
  -1.2944882360200615E-005
   1.2327985732424633E-006
  -4.8837966795641299E-006
  -1.1175649614728533E-005
  -4.2204704178111334E-006
  -6.0873823012201926E-006
   9.8461799372989885E-006
   7.2193240937114354E-006
   7.2715225036138267E-006
  -6.6840915511174551E-006
   6.8746166055680662E-006
  -1.9989376017646911E-006
   9.4007491828083586E-008
  -5.8473501057812937E-006
  -8.6905927438664680E-006
   1.0356565449316053E-005
  -6.4423169927068811E-006
   1.1529643983341619E-005
   1.1269817323841368E-005
   6.1966037593794935E-007
  -3.4351720723206766E-006
  -1.3096160855607247E-006
   5.6638278818183733E-006
   7.7890891832152996E-006
   1.3278720822187343E-005
  -9.4205827475165845E-006
   2.8561744617829933E-006
   1.2604293791419405E-006
   5.5728244640793848E-006
   8.6326751491030279E-006
  -7.9451284207974126E-006
   1.3826557124515127E-005
  -1.7037906603711937E-006
  -9.9891605124995207E-006
  -7.1280469714443294E-006
  -2.4581136641429807E-006
   1.2866416898667764E-005
  -2.5696916515321718E-006
   5.0773925653058161E-006
   9.2591247324823323E-006
   1.3383563961571077E-005
  -4.6796865345106109E-006
  -8.2837209492394237E-006
  -6.1379508817199606E-006
   1.0411140415608929E-005
  -4.6845598102551430E-006
   1.3628410304947040E-005
   3.5839538483732614E-006
   2.3872032105256256E-006
  -6.7222633192095572E-006
   4.2690238844854227E-006
  -1.2342485396694665E-005
   6.6685447524506523E-006
   1.1479255647287197E-005
  -9.8362998714059645E-006
  -1.2746086088424695E-006
  -6.3802127677049878E-006
  -1.1836866348898965E-005
   3.7391776944169057E-006
   1.2486953703825035E-005
  -7.0898351490310393E-006
  -7.5991792486972175E-006
   1.0332378361364424E-005
   6.2989692528954595E-006
   1.3648042644375013E-005
   3.5129165560721445E-006
  -1.3591365779894084E-006
  -8.3170127658667957E-006
   6.7333526441327313E-006
  -1.3427176441624541E-005
   4.9518279904275236E-006
  -1.0933407755904100E-005
   8.0279464518993524E-006
   8.6605453272553187E-007
  -7.3431052976225507E-006
  -1.2917531934549453E-005
   1.3400840725443473E-005
  -9.3787994147973702E-006
   4.9723434322702584E-006
   1.1387790651180233E-005
   1.2448688475650161E-005
  -8.0824212823892580E-006
   3.9661064047814658E-006
  -5.3893022401164644E-006
  -1.2173636405726925E-005
  -3.5221967608216635E-006
   1.3083084073413700E-005
   1.8328924132801063E-006
  -9.4696759938525969E-006
   1.3658023799745320E-005
   1.2596149412777858E-006
  -1.0301370594719078E-006
  -1.3029250112062802E-005
   3.0188274307326856E-007
   1.2501260725883640E-005
  -2.7272319724845184E-007
  -2.1531867926594291E-006
   9.2132949596488226E-006
  -8.0697774683342665E-006
   8.1244182381548079E-006
   4.2396354568252463E-006
   1.2009260147291837E-005
  -5.9222850650037222E-006
   9.3881320716341591E-007
  -8.6269397517786412E-006
   1.1022060366459082E-005
   1.9789771983727035E-006
   8.2272910864058212E-006
   8.2604026585878475E-006
   2.1837882940470114E-006
   1.2103013961752397E-006
   4.0102043050607543E-006
  -6.0147104111448824E-006
  -4.8112115738513936E-006
  -1.1641307801419070E-005
   4.4714698678610144E-006
   1.1158138246974893E-005
   1.2722125974959798E-005
   6.8079604930654583E-006
  -3.3511714850693788E-006
  -3.3571863089677670E-006
  -1.0611911746889139E-005
   2.4541206297902692E-006
   8.6921806115992754E-006
   2.2060050908659194E-006
   2.7348956992718099E-006
  -6.7805557079783987E-006
  -4.0384101765715726E-007
  -4.3876972087707623E-006
  -2.4316043792367657E-006
  -1.2567063299875219E-005
  -9.3856019736791212E-006
  -5.6213502741985681E-006
   2.9928588791625077E-007
  -5.3615579469736213E-006
  -1.0439511272776069E-005
  -9.0837793120876345E-006
  -1.1966221779175401E-005
  -6.1910629116151625E-008
   1.0249065373293519E-005
   3.4700202854284941E-006
   1.3889656031826521E-005
   9.3829116584393316E-006
  -1.8445281935852015E-006
   1.1230304689663784E-005
  -6.2798900445696065E-006
  -1.3300217594899182E-005
  -3.7374620343260225E-006
   2.3431053102463371E-006
   3.7584705257890944E-006
  -1.2288084952801251E-005
  -1.2648099867358610E-005
  -1.2023466079873158E-005
   2.6928977898319460E-006
  -1.3094044652304485E-005
  -8.4847736144422637E-007
   4.0824355976029972E-006
  -8.0187148845398473E-006
  -1.3393003429931034E-005
  -1.0260415051304415E-005
   5.1098976006241394E-006
   7.9679393567139416E-006
   1.3920291865489407E-005
   2.3887519776115591E-006
  -1.3663710559679693E-005
   2.3245735109767192E-006
   1.1661828965307689E-005
   3.1062469403996679E-006
   1.2847757307040070E-005
  -3.7528428936621895E-006
   8.7361011284561602E-006
  -7.5001849938812360E-006
   1.3472717251140909E-005
  -6.2538747629580426E-006
   1.3854215586969710E-005
  -7.5227021981090535E-006
  -1.3113524403842217E-005
   1.1148033113943766E-005
   1.1406803102304106E-005
  -8.2007884772198041E-007
   1.0502891514010092E-005
   3.0945510786127908E-006
   1.0929016085688137E-005
  -3.9941501516589043E-007
   5.3086585864504411E-006
   4.0117683309357118E-006
   3.2452678598484785E-006
   7.9040984907862571E-006
  -1.3151782956296893E-005
   1.3668075527014864E-005
   7.7901305955661859E-006
   7.7909660142652486E-007
  -2.5460195477101022E-006
   1.3677349056044185E-006
   9.1175651320096578E-007
   1.1634578675459497E-005
   8.5275649809113743E-007
  -8.8594217076736143E-006
   4.0840721027258185E-006
  -5.5386514523858782E-006
  -5.0891284814138810E-006
  -2.5917882853875160E-006
   1.3408170666220865E-005
   9.7820396176367085E-006
  -7.5301055718086235E-006
  -5.2068548071054202E-006
   1.1873748749318541E-005
   5.5885467388199633E-006
   7.0104141058355621E-006
  -1.8958911847885302E-006
   1.1319129915269600E-005
  -3.5994815735537842E-006
  -1.2272310225973403E-006
  -4.1225910082682161E-007
  -2.4967594083691400E-006
  -1.0823178263994902E-005
   4.3299388776177599E-007
  -2.0486516900791165E-006
   1.9317130993709401E-006
  -4.8415193435502645E-006
   3.7862892055284293E-006
   6.8387145823432804E-006
   8.8491077199677210E-006
   1.3392982449096126E-005
   1.5206356010191626E-006
   4.1470909013948364E-006
   3.3949108038066039E-006
   6.9812679114511413E-006
  -3.6396093276638971E-006
  -8.1463346275648064E-006
  -4.8525276061567486E-006
   8.0837020669929580E-006
   1.1769227951852939E-005
   1.1542381257479382E-005
   8.6639899988774811E-006
  -2.4689016279829312E-006
   4.4740676766923462E-008
   2.6626110009679831E-007
  -1.0238638852018574E-005
  -8.0802383218845156E-006
  -1.1553709000981056E-005
  -1.7983388855353144E-006
   1.3595304454810898E-005
  -1.0688996288015320E-005
   8.4380435730563395E-006
   1.1633758515549458E-005
   7.7928275865261735E-006
   1.2679782835418266E-005
  -1.0226702664304570E-005
   1.3604938472730910E-005
  -3.1841316142752936E-006
   1.1706096619614869E-005
  -1.2703508345001920E-005
  -7.6084451483320265E-006
   7.6553230092366205E-006
  -5.7671546790428498E-006
   9.4848632573030223E-006
   1.0735191318111091E-005
   1.2981010404237818E-005
   1.3706762279236525E-005
  -1.6004705388669152E-006
  -6.3693046409014735E-006
   1.1829296082194445E-005
  -1.3220342602730242E-005
  -1.1455923051520911E-005
   2.6769637993936599E-008
  -5.9233798831161925E-006
   2.8777160571875904E-006
  -8.0595302378303531E-006
   9.3002853158745055E-006
   2.4692497191075406E-006
   3.6771068480160023E-006
   3.7176551724985886E-006
  -5.7028474663756200E-006
  -1.2691765753173657E-005
  -4.3723430523153872E-006
   6.0380821075580425E-006
   9.8095702877332158E-007
   7.3283576780308786E-006
  -3.0373725814426995E-006
  -6.2421789011711656E-006
   8.7215347069841478E-006
   7.9478378095234822E-006
  -7.8297185700145757E-006
  -4.1236591234998943E-007
   2.0785522408459101E-007
  -6.4100131826688115E-006
  -1.1108899088468839E-005
  -1.0464792225165854E-005
  -3.6507244017935491E-006
  -3.9708452124477241E-006
   1.3842212642053726E-005
  -5.5303602078999757E-006
   8.6119460842139575E-006
  -1.6203374821761310E-006
  -5.4950857023738009E-006
  -2.7142677238600234E-006
  -3.3564186011449983E-007
   6.9131622139912557E-006
  -8.9684295427865796E-006
   1.2080337493914142E-005
   1.4644794427136777E-006
   1.0647792789279017E-005
   7.9070434370678844E-006
   1.2304326980042959E-005
   6.3534164268302593E-006
  -1.3088570561742134E-005
  -1.1552720994391754E-005
  -9.5894918199661066E-006
   3.8912506005270991E-006
   2.7451362540555253E-006
  -1.1752458542715590E-005
  -6.2114372096594254E-006
   1.5978469808291054E-006
   1.2151412933187819E-006
   1.0552110645355552E-005
  -1.2525840727652636E-005
  -1.9333820294204374E-006
  -1.1019744845224694E-005
   4.0605869190692926E-006
  -4.5627078894812465E-006
  -1.0526983234530321E-005
   3.0324935836522834E-006
  -4.3762149700302209E-006
  -1.3869476283342314E-005
  -1.3076994862918820E-005
  -1.2273591964251417E-005
   9.0233707200160305E-006
   5.5619773724319664E-006
   1.3070651975056417E-005
   4.1356086626542950E-007
   8.9373931659118139E-006
   5.3702087266759013E-006
   6.6677703689076856E-006
   3.3555240546384677E-006
   6.0230216827913789E-006
   1.0915897341824774E-005
  -1.1887401550797743E-005
  -1.2742955175651838E-005
   1.2135938613768880E-005
   8.4838390136145452E-006
  -8.5541343472993712E-007
   9.2692374949079719E-008
   5.7903194281298722E-007
   5.7553062293657330E-006
   3.0352764053005309E-006
  -1.4957284889604650E-006
   1.3801124537909416E-005
  -5.2002925741507968E-006
   7.5593986320374000E-006
   1.1976562469762086E-005
   8.1690978797656355E-006
   1.3564062084284309E-005
   1.1114473314834160E-006
  -1.1188473673228870E-005
   3.5297279268793093E-006
  -7.0091657461585381E-006
  -2.4858112272444378E-006
   1.3020999875572401E-005
  -1.2465138403892320E-005
   2.2447433415005366E-006
   5.0816192498654572E-006
  -1.0808758708367246E-005
   1.3582233394663235E-005
  -5.6652498102205450E-006
  -1.3644457782628692E-005
   1.2626657454082668E-006
   3.9098892113198849E-006
  -3.3766860876660934E-006
   5.3279647692630258E-006
  -7.0922050297013255E-006
   4.8225536224677772E-006
  -1.2866769758163943E-005
  -1.1499969453387243E-005
   9.3025760415767298E-006
   1.1521024674891701E-005
   2.5441036160132793E-006
   1.1437049836846881E-005
  -1.3538153614195913E-005
  -9.1357898481501682E-007
   1.2622238127311600E-005
   1.3408004726890230E-005
  -7.2171211060460989E-006
   6.3804855185587914E-006
   2.3167285860697679E-006
  -7.1817397889967563E-007
   5.2849883899769995E-006
   1.2845848051063445E-005
   5.0386600367170829E-006
   8.8083057181176112E-006
  -9.8562936533989421E-006
   1.2340055434542597E-005
   8.5063895964433527E-006
  -7.5377960014767070E-006
   2.0070819804062379E-006
   3.1299514691484134E-006
   1.0070257161464693E-005
  -1.0968949290238194E-005
  -9.0687055358805750E-006
   4.3212604413603740E-007
   3.2883453286117886E-006
  -7.0050401510761808E-006
   1.1616954774136806E-006
   8.4218292023697378E-006
   4.6006793859674090E-006
   2.3289909303991600E-006
   8.4207534577435475E-007
  -4.9482974881171014E-006
  -1.6888904528892818E-006
   1.2812263456421676E-005
   1.3104452100093150E-005
  -1.2670850721793357E-005
  -4.4828128701517121E-007
  -4.8629951354271957E-007
   5.3457488878704690E-006
  -7.0621442616497802E-006
  -7.7155103488673769E-006
  -1.1610692948591092E-005
  -1.3683504070066731E-005
  -1.2391344992823748E-005
   8.1033897195311420E-007
  -1.1121442766720861E-005
   1.0282512638834073E-005
   1.0339614842059044E-005
   2.7715644766450505E-006
  -3.4488105686851685E-006
  -1.0968508692705127E-005
  -1.2802168813808002E-005
   4.3649864086572031E-007
   1.3763500178873549E-005
   8.9040679706834519E-006
   1.1955379455899553E-005
  -3.3049955284598876E-006
  -2.4175453124998005E-006
   6.3086757500633358E-006
  -1.0989103289515923E-006
   3.3015174782367353E-006
  -5.2265748845702802E-006
  -7.2597122009092699E-006
  -9.6991004698968909E-006
   1.1722396820989731E-005
  -4.2238216293505240E-006
   5.6196937419151528E-006
   8.0676269327562000E-006
  -1.3268107380746855E-005
   3.6185798553659172E-006
  -9.8443574656849374E-006
  -9.6223296876200154E-006
  -6.6325416397485827E-006
   4.4979209786340756E-006
  -7.6083383368088587E-006
  -2.7411441733771278E-006
  -8.3519601611032690E-006
   7.0063419165147887E-006
   1.3308021511810632E-005
  -5.1527614463411139E-006
  -7.7210845752326979E-006
  -1.2553918806805378E-005
   1.0755079242255215E-005
   1.2027557342680212E-005
  -4.0766553775858526E-006
  -1.1876760452802148E-005
  -1.0951498957640650E-005
   1.1432504625066365E-006
  -3.4482297810279434E-006
  -6.7346668073374211E-006
  -9.1451492078677490E-006
  -3.9042949577939700E-006
   2.4366378722660495E-009
   9.9133300530962476E-006
  -1.1160075159506624E-005
  -1.1432157487616069E-005
   2.0428237863462720E-006
  -4.6040305975067995E-006
   1.3475088085485509E-005
   1.3973892176633376E-005
  -1.0357626888827533E-005
   4.0056266683535617E-006
   6.1358337247428840E-006
   8.3833560731944121E-006
  -4.5129203682446432E-006
  -3.3403301154678443E-007
  -7.7307843966803761E-006
   7.2779044921231044E-006
   1.7940330460076113E-007
  -3.7659206295300503E-006
   1.3433311428486493E-005
  -4.7704896806436596E-006
   2.3557681977876086E-006
  -9.8694047678677928E-006
   8.3058776645765497E-006
   6.5703849626594195E-006
   7.8785247603820746E-006
   1.1450843782124555E-005
  -4.9761218899023203E-006
  -8.3112649707763270E-006
   5.6877136086867786E-006
  -1.1304357500145764E-005
   8.0589961802145140E-007
  -1.3755802119810954E-005
  -1.3845704043717274E-005
  -1.3619256938881283E-005
   4.6164398076805474E-006
  -8.6351442119019699E-006
  -4.0280361073838974E-006
   5.6917457436863640E-006
   2.8266525197188572E-006
   1.3264102902302375E-005
  -5.8095321508596851E-006
  -1.3745681727990802E-005
  -5.0922326913059460E-006
   1.0628272983420096E-005
   8.6185493251640828E-006
   1.0931739779528916E-005
   2.6517295770452608E-007
   1.3114065137178254E-005
  -6.5558242632332911E-007
   8.7654876487677086E-007
   1.3716781581579393E-005
  -7.9219770231507862E-006
   1.1710281342504694E-005
  -7.8085498612667521E-006
   2.8610935138945973E-006
  -7.1673669634104856E-006
  -1.2840200391775946E-005
   1.3930211985703619E-005
  -4.1058082476904713E-006
  -7.7767734331243236E-006
   1.1944686859491002E-005
   1.0868886920190534E-005
  -6.8113574809719208E-006
   1.1742591828262962E-005
  -1.3701555217482094E-005
   1.2537216154870010E-005
   1.0850883456490872E-005
   1.3240049328754706E-005
   7.5866699027204998E-006
   1.2982692685727711E-005
   2.9738387986441225E-006
   1.0892051669277557E-005
   6.3671607810436050E-006
   1.3672897304346440E-005
  -1.1592615098294937E-005
  -4.7676257966787223E-006
  -2.2427549305558498E-006
  -1.2636310545488961E-005
   6.4623832539477226E-006
  -2.5878562861909003E-006
   5.7358188484334886E-006
   8.3698653963485900E-006
  -5.7444906089706765E-006
  -4.7859840272231925E-006
  -1.3302260365279767E-005
   1.1610244721663512E-005
   1.2619014708130285E-005
   5.7481231544326966E-006
  -1.7248725847564435E-006
  -2.3312482775003944E-006
   4.7684135316620850E-006
   4.0027618307143104E-007
   5.0426387659550844E-007
   2.9001464770528340E-006
  -7.8939857283606175E-006
   1.1257801027484988E-005
   7.0552749455660493E-006
  -3.9277267356889120E-007
  -1.0726700755693563E-005
  -5.7159318779636788E-006
  -1.3054511037291993E-005
   8.5186919950939327E-006
  -1.3202565159842997E-005
   1.5335531196022717E-006
  -5.7728690955323285E-006
   3.8095664881845036E-007
   9.9977645621604147E-006
   1.0136180852094150E-005
  -1.4354200326918308E-006
  -9.6598005050913286E-006
  -6.4734725788708966E-006
   1.3737256969100940E-005
  -1.3958543742223885E-005
  -1.0309555027681813E-005
   1.3586158718139653E-005
  -3.5118226916339883E-006
  -1.4268217050768207E-006
   8.2648887425608962E-006
  -7.2477960403558592E-006
  -4.0564212696657474E-006
   1.0884769412215865E-005
  -2.5120668347831292E-006
  -7.6367368505311046E-006
  -9.3630981208916997E-006
   6.9066200081972264E-006
   6.1908893428900148E-006
  -1.3262186016931238E-006
   9.0787124404573608E-006
  -7.1364450274533997E-006
   1.3582727397957886E-005
   3.2779388344974375E-006
   6.2054481349675152E-006
   5.8311691136956820E-006
   1.3026580777657920E-005
   1.0067640279147081E-005
  -2.4449558196327440E-006
   4.7468910097437679E-006
  -9.2351846461780291E-006
   1.3252466168322966E-005
  -7.0326776326958560E-006
   1.1011886568877347E-005
  -1.2259833304923361E-005
  -1.9922819087272959E-006
  -1.8188466979835371E-006
   1.1510951966787249E-005
  -2.5260724957585105E-006
   1.0581804248796208E-005
   3.7944450282617441E-006
   1.1366142244252468E-005
   7.4908122827232592E-006
  -9.6303405518576024E-006
  -4.4619045144916099E-006
   8.8127784506502639E-006
   7.8940391341222015E-006
   1.2549726454521041E-005
  -8.6748647470800055E-006
  -3.1864280620234019E-006
  -5.0986680855768076E-006
  -8.6815137643972027E-006
   1.0090164159095097E-005
   1.3880058253530440E-005
   1.1018321963148208E-005
   2.2433891239746588E-006
  -5.1467800010437156E-007
  -8.2699489384709720E-006
  -9.4642619847720277E-006
  -1.3083723988878393E-005
  -1.3327981915202619E-005
  -1.3527245487392398E-005
   7.9597892560265109E-006
   1.3720674480129135E-006
  -5.9078388064952737E-006
  -6.5638418031910761E-006
  -3.5562763124323982E-006
   4.8743095274884733E-006
   1.3853073085141540E-005
   1.0488151523812932E-005
   5.8722972721611793E-007
  -1.3878121340998710E-005
  -8.5589542172823194E-006
  -9.6216087098386326E-006
  -1.3818153346460173E-005
   1.2001943557954841E-005
   1.3503192867519043E-005
   1.0753002139599326E-005
  -1.3842713321068575E-005
   1.3951381648125757E-005
  -1.3879009211785042E-005
   5.4007186753293399E-006
   1.7317686037209663E-006
  -1.2942378965126369E-005
  -8.1462745460830245E-006
  -8.3089818744686147E-006
   4.2174186600063383E-006
  -1.3975880587578063E-005
  -3.7231092359003458E-006
  -1.3648449863307090E-005
   1.0426473591229396E-006
   7.1324920474218761E-006
   1.2627431837625635E-005
  -1.3157216992538056E-005
  -9.5926961656611414E-006
   4.4925594216407762E-007
  -8.5592145703700410E-006
  -2.5766944820198624E-007
  -1.0316945049940987E-005
   9.1747760541064250E-007
   5.0082054011738562E-006
  -3.2619438089030554E-006
  -1.3031987157343977E-005
   4.7921790955669265E-006
  -1.2128421752825944E-005
   2.4913444456142568E-006
   7.5400256920228354E-007
  -2.3520231187565367E-006
   7.3415431790962212E-006
   6.6102905106543708E-006
   7.1794891176157200E-006
  -7.0829124271857245E-006
   7.0939597904390826E-006
   3.6857719328329923E-006
  -1.7804813340056933E-006
  -7.3423175626391880E-006
  -9.3378038170615187E-006
   1.1457824678103024E-005
   1.2663841215585468E-007
   1.3625972713400460E-005
  -1.1459481210386439E-005
   1.9793510387037909E-008
   1.1586887330365062E-005
   1.2347431151687061E-005
   7.5657272147850937E-006
  -1.3555710758316624E-005
   3.6272125152562312E-006
   1.3984819376923171E-005
  -5.4229945999557157E-006
   2.5511798794231478E-006
   9.5622939822051847E-006
   1.0445098850581785E-006
  -9.0068282853654133E-006
   8.4673576141200239E-006
  -4.2557716262181002E-008
   1.5283460578478401E-006
   9.5771083589988367E-006
   6.0118732300607370E-006
  -6.3115329583080752E-006
  -1.3247466053894672E-005
  -7.2825031096652049E-006
   1.0835735293687320E-005
   5.0776939263890396E-006
  -7.2565078552142351E-009
   9.6761169189295282E-006
   1.5720853765850652E-006
  -2.5545377666827363E-006
  -6.9404659096010315E-006
   1.2910663572140036E-005
  -5.0610103479399506E-006
   4.2351035964851257E-006
  -7.0604352772790950E-006
  -8.3089952259090107E-006
  -2.0580778069986773E-006
  -1.1419139833229990E-005
  -3.7705135250262669E-006
   7.9282855787378859E-006
  -1.3355979885712986E-006
   4.2460861098851319E-006
   1.1449808091819553E-005
   8.8917197956657999E-006
   1.2638286558667566E-005
   9.0915221938429880E-006
  -5.8991470187974918E-006
  -1.1103852243999159E-005
   1.0543838474355929E-005
   1.0339382145526429E-005
   5.7829894873524801E-006
   1.0808864566216100E-005
   4.6950073123649960E-006
   1.1665748566738222E-005
   1.3702148402905401E-005
  -5.1594972480208849E-006
  -1.6876888232536438E-006
  -3.7755803966565407E-006
  -9.6990804427362970E-006
  -1.3983344042759415E-005
   6.3653793174250559E-006
   9.4197540045377198E-006
   3.6280059722854779E-006
  -1.1730301827378464E-005
   1.2531261412453403E-005
   5.3807296617079323E-006
   7.9482192792490816E-006
  -8.5689143918177193E-006
   1.3530597652606103E-005
  -1.0179264996577658E-005
  -9.0473499069672076E-006
  -1.1154153795691008E-005
   5.4882030348496740E-006
  -1.2419663397903618E-005
   2.4636878905083016E-006
  -9.9947347388648416E-006
   1.0086318944261055E-005
   6.6919021437491025E-006
   7.9935073650722402E-007
   5.0634002557708307E-007
  -3.6336679366876868E-006
  -6.7490863629650778E-007
   4.8099498627339737E-006
  -1.1004791231981198E-006
  -1.1078491182966999E-006
  -2.7486810614806576E-006
   1.1678838700372165E-006
  -1.3581385578198091E-005
   5.4326610428024041E-006
  -1.3381661381314650E-005
   5.8191318365043935E-006
  -6.1736726604994007E-006
  -1.3880891764880875E-005
  -9.4337339163066232E-006
   2.3740386902951910E-006
   5.8609542698704817E-006
   8.8460960164841139E-006
  -5.3152751788409624E-006
   5.8687591404562450E-007
  -1.2452194182428419E-005
   6.2653846582536900E-006
  -6.2148284755200039E-007
  -1.4982919655164928E-006
   1.3632720912846313E-005
   9.9733924613918702E-006
  -2.8975295947352223E-007
   5.0212974421564270E-006
  -1.0569807979600421E-005
  -1.0473884556075515E-005
  -4.0061063665335029E-006
  -6.7476043530811242E-006
   8.7653407829233528E-006
   7.2972831541835530E-006
  -6.6186361145761713E-006
  -8.1322555336672472E-006
  -1.3829782451045070E-005
  -1.9065723371053129E-006
  -3.4913215549059635E-006
   1.3253688778793512E-005
  -6.9956540884778080E-006
  -1.2550353972219652E-009
  -7.5439910698204410E-006
   4.2734088789811876E-006
  -7.7055702014925710E-006
  -9.3540324928628304E-006
   1.2576396910386322E-005
   1.1592695206937313E-005
   6.2124061427624479E-006
  -1.2170024841099813E-005
  -9.0324496994852958E-007
   6.8116645641010283E-006
  -3.5694475083830309E-006
  -6.8611917322499100E-006
   7.3745345883146837E-007
  -1.1054825754865127E-005
  -2.1310701316434909E-006
   1.2186759917961858E-005
  -7.7336215777645215E-007
  -7.9411897458805990E-006
   4.7269630312784562E-006
   8.2698688298285961E-006
  -6.5486678911810467E-006
  -8.7689122932292770E-006
   8.2839545994463533E-006
   2.9680328294205000E-006
  -5.8109006735002728E-006
   9.3614768745579023E-006
   8.4583587432931345E-006
  -1.2840233770376936E-005
  -8.5404491208934934E-007
  -1.5534667929528734E-006
  -1.3114118542939838E-005
   9.0409469376230220E-006
   1.0227870915339218E-006
   1.3645091976047501E-005
   1.0290395710713584E-005
   1.3932754481424739E-005
   1.1629638642512985E-006
  -1.2849906888943823E-005
  -1.1296934099285600E-005
   1.7215414003776469E-006
  -1.3361614193560089E-005
   1.1791284531387095E-005
   2.4084396301497432E-006
   5.3515376909564396E-006
  -1.1834923714321350E-005
   9.2751655344437862E-006
   4.6773757816477926E-006
   2.0043106028497584E-006
  -9.7659311047989606E-006
  -1.3113617863924989E-005
  -5.0220174662634958E-006
   7.6168441580154109E-006
   9.5755862947936952E-007
  -6.1570968472477935E-006
   1.2271108596337765E-005
   2.7293281486266870E-006
   5.0817451348749050E-006
  -7.5524492073112933E-006
  -6.9601859870658915E-006
   1.2206199615178402E-005
  -6.1900014721036822E-006
  -1.7782516434595649E-006
  -5.6822061395234375E-006
  -4.7387666582628151E-006
  -4.1199207201890204E-007
   1.3281738247716834E-005
  -3.7129487897590062E-006
  -9.5317668674140942E-006
  -8.9316463244956592E-007
   1.1134387941859076E-005
   7.5612945365736289E-006
   1.0125404332345968E-005
   2.4321327148067208E-006
   7.1876144227709868E-007
  -4.5336284522988057E-006
   5.8831786960839016E-006
  -1.1484114617917019E-005
  -1.1300004930576675E-005
   3.7857475185180782E-006
  -3.2866573250760114E-006
  -1.1848996132498711E-005
   1.1443332643227503E-005
   8.2397804052219449E-006
  -9.5996856447084361E-009
  -1.1750983208551834E-005
  -8.4537648941226040E-006
  -3.2951288140072596E-006
   5.5458545544795085E-006
  -1.3730981792114830E-005
   4.1018638507277737E-006
  -3.4338102254002868E-006
  -1.3843534434652928E-005
   4.6288108708817353E-007
  -5.8520097584794902E-006
  -3.4491376789748699E-006
   4.6472492100685815E-006
   1.7055997805448487E-006
   9.5772285219624005E-006
  -3.5459422975659110E-006
  -8.3314189700540563E-006
  -2.1685342733946062E-006
  -8.9265193713836035E-006
   3.5792465119593650E-006
   6.9527091804441436E-006
  -1.1071782084168019E-005
   2.2759799899812420E-006
  -1.3470354999865135E-005
   1.3096248593644135E-005
   6.1542529904434502E-006
   4.0047454732874271E-006
   4.5961189153978683E-006
  -1.6136350590973498E-006
   1.2649087873947912E-005
   1.2036918609746421E-005
   1.2360008208540073E-005
  -7.0847415745199736E-006
  -9.4371785879287856E-006
   3.4507942112582853E-006
  -1.0763016673570624E-005
   3.6050834564742111E-006
  -1.3096461263016157E-005
  -3.6165580658202405E-006
  -1.6065387685268873E-006
   1.1122852297356951E-005
  -1.3075906720526548E-005
  -6.3716010886495818E-006
  -1.3803780520873902E-005
   1.2881530729196011E-005
  -1.0161387417887443E-005
   5.1903724539365849E-008
   7.4071788600828508E-007
  -1.0543565723502126E-005
   7.8304328720757606E-006
   2.2671356143932203E-006
  -5.8214616628534917E-006
   5.5898933269513291E-006
  -9.2410993342734475E-006
   1.3964591944723263E-005
  -9.3912162543656301E-006
   1.2020996063399902E-005
  -8.0103635585721629E-006
   3.2637672341914205E-006
   1.1419734926001925E-005
   8.1519279274164073E-006
   6.9431304756343432E-006
   4.3296050916078604E-006
  -7.9786271847509223E-006
   1.1602302521976533E-005
  -1.0370944950622522E-005
  -3.8586397073599220E-006
  -1.8094940139861543E-006
   6.8482398813914970E-006
  -6.9452590767031877E-006
  -3.5374708086346627E-006
  -1.1722858399357706E-005
  -1.2725431410132116E-005
  -1.0046978925134305E-005
  -2.8219938206949747E-006
  -1.2495653120917329E-005
  -2.4197750030459288E-006
   3.9851035971163150E-006
   2.4023971496962490E-006
  -1.1177345247658822E-005
   1.1564056367287939E-005
   8.7718353050016823E-006
   8.8412570730148857E-006
   1.1179481478122179E-005
  -1.1625366181586272E-006
  -5.4898919920597653E-006
  -6.3036823113552399E-006
   3.5782527833241786E-006
   1.0021884892910064E-005
  -3.1664409557506223E-006
  -1.2073907821689165E-006
   1.2933773008116847E-005
   3.8524913690575740E-007
   1.3709779704766016E-005
  -7.1035938083590950E-006
   5.0038604609992793E-006
   2.3807620942088801E-006
  -6.8212642497457367E-006
   3.1002445142673616E-006
  -6.9036292855485272E-007
   1.3864135707183922E-006
  -7.0044326605381638E-007
   1.1703351944939181E-005
   1.3920946086068810E-005
   9.6971053832320062E-006
   4.3756275066527978E-006
  -9.5382957217677276E-006
  -1.2239191978071179E-005
  -3.2265624918537128E-006
  -5.2083835470307597E-006
   1.1786197632596227E-005
  -9.0634317169241635E-006
  -4.9446658963293953E-006
  -1.1377977342489189E-005
   1.0705806705148171E-005
  -1.3158879246867356E-005
   1.1570251435631673E-005
  -3.6265849975576202E-007
   2.3257751406123572E-006
   7.0934257328232435E-006
   1.3077054944400602E-005
  -1.2721586195298075E-006
  -5.3799562318392795E-006
   1.8217105819484745E-006
  -4.6600465656881267E-006
   3.9585151572420381E-006
  -4.6171150090948583E-006
  -2.4858379301252297E-007
  -1.3953403437671433E-005
  -5.0854568353049870E-006
  -9.3686256172156347E-006
   1.3783960307606072E-006
   4.7731056092869574E-006
   1.1255897493554247E-005
  -7.4494027903351323E-006
  -3.4988784701700873E-006
   1.3771369899312665E-005
   3.9666194815623970E-006
   1.2067298858693155E-005
   3.6159515289565375E-006
   1.3308227505462455E-005
  -1.3094518628438542E-005
  -6.3552856284856962E-009
  -9.2056445843019270E-006
  -8.1182098183706780E-006
  -1.3192758526872151E-006
   1.1702938050286906E-006
  -2.6110076838375268E-006
  -8.0130605495321505E-006
   1.1264503450563769E-005
  -1.2494945494576342E-005
   8.2890624790721290E-006
   1.1801097840078139E-005
  -1.1954926460600404E-005
   2.5098037656360109E-006
  -6.5594491793007992E-006
  -1.7278633074051426E-006
   1.0980171175891014E-005
   8.4456138397608592E-006
   1.8325519515500089E-007
   1.1014224978295271E-005
  -1.3428718532990276E-005
   1.9216928433537584E-006
  -1.2784598318246894E-005
  -8.1981448920214004E-006
  -5.7995786520444832E-006
   1.3577814067892166E-005
   6.0404586639485267E-007
  -8.3887367036739914E-006
  -8.4709882522334161E-006
   8.0976085458396834E-006
   2.7076721123044101E-006
   1.2721900907821694E-005
   7.5150260735556799E-006
  -2.2385692539917106E-006
  -1.0070857976282512E-006
   1.3495676006576108E-005
   1.1949539154400626E-005
  -5.7159986351656587E-006
   1.1845710724486987E-005
  -6.6390771698224141E-006
  -2.2771615924562861E-006
   7.8461952011375270E-006
  -2.1018905586580802E-006
   1.2454690901782467E-005
   8.3596439150511546E-006
   9.2037276989307901E-006
  -1.1367997140793195E-005
   3.3527469550361042E-007
  -1.1613283128027911E-006
   6.6947135756267699E-006
  -1.0355030033670515E-005
   5.0608177057285229E-006
  -7.9313096799875750E-006
  -8.5335864805299606E-006
   9.4964713810530114E-006
   9.4036597968146819E-006
   6.3065662224807712E-006
  -6.2002286754470016E-006
  -4.1728858842398665E-006
   8.4436836029493263E-006
   7.1436691103819380E-006
  -4.0529298680021990E-006
   1.0608592960276424E-005
  -9.7896098843412282E-006
  -1.3379278149203968E-005
   9.2212657695652216E-006
  -1.3149386372745815E-005
  -9.6583652252487610E-006
   2.0805740303915868E-006
  -6.2902641137572816E-006
  -5.5196122983812131E-006
   3.4238967809062729E-006
   5.4996852735902154E-006
  -4.8204707977660046E-006
   6.3966827231077411E-006
   2.3850822388512931E-006
  -9.4490747213216023E-006
   5.3971996171106856E-006
   5.7909393164339712E-006
  -3.2984132683446703E-006
   8.4142913605918940E-006
  -1.2547536818296101E-005
   7.9008941450912223E-006
   3.2515430368345883E-006
  -8.7954349295758880E-006
  -4.3569021114974382E-006
  -1.2271081893456973E-005
   4.2347106826677583E-006
  -1.3319817509400479E-005
  -8.8743953480777040E-006
  -1.4197921717083381E-007
  -3.2438993372078907E-006
   1.2149957626184657E-005
   8.6544036646731687E-006
  -4.9586048001027967E-006
   1.3549535717133484E-005
   3.5663299470505699E-006
  -9.1929340130449556E-006
   1.9860067317411861E-006
   8.5607757352220565E-006
   1.0663127872248112E-007
  -9.0779647597951860E-006
   1.2849613157255111E-005
   1.3452470745454722E-005
   1.2961811032948401E-005
  -4.1705293550099764E-006
   5.7079734658133617E-006
   2.5097770627552189E-006
   1.3520656551556983E-005
   4.3582382092113500E-006
  -1.0554046604212969E-005
  -7.4457645228272282E-007
  -1.1279417009486077E-005
   7.9790344036829997E-006
   1.2076244323758461E-005
  -1.0549694034643880E-005
   8.2313098699650106E-006
  -6.0331420746115305E-006
  -9.8934173334199599E-006
  -7.6681995198242276E-006
  -8.7984456793851811E-006
   1.3029003110415476E-005
   7.7762393755084844E-006
  -4.4566774255765844E-006
   1.5479659995097303E-007
  -3.3486547385547369E-006
   7.4953460504120079E-006
   2.6283779077926946E-006
  -4.8766403075118855E-006
  -2.7238273551835439E-007
   1.3996501887269652E-005
  -1.2678788153108766E-005
  -1.1431142778145975E-005
   1.2556461302526498E-005
   6.6416740249794319E-007
   2.2155113164278560E-006
  -5.3895759446445819E-007
  -2.3182039202335235E-006
   1.1646501511733106E-005
   8.5016441130568964E-006
  -8.3350639132821584E-006
   1.3611139263120528E-005
  -6.4482250050821015E-006
  -4.0983314410687234E-006
   5.2456817494512392E-006
   6.0994853819391470E-006
  -6.7340326139186122E-006
  -9.6531514877741314E-006
  -4.1475181474875077E-006
   1.0082006429013154E-005
   9.1352424390939331E-006
   4.4207286723104127E-007
  -1.3317741360418904E-005
  -3.7193975354702638E-006
   1.0027259801343759E-005
  -4.3022079359153129E-006
   4.2932224165288194E-007
   6.8346023387013191E-008
   3.1619338909426656E-006
  -1.0601043674406813E-007
  -1.3944791758616027E-005
  -1.0946919413584830E-005
  -1.0995204897776886E-005
  -1.8280258132557722E-006
  -7.0348872960813904E-006
   1.0130271886044616E-005
  -1.3807038272330521E-005
   3.9869079489184001E-006
   7.1145419894837972E-006
  -1.3263194050681134E-005
   1.8535070372514969E-006
  -6.9559001746987825E-007
   1.2274372069840268E-005
  -9.9261951195920867E-006
   7.4134807399497526E-006
   7.7124595447368959E-007
  -9.6840467208504253E-006
  -6.9431094947994352E-006
  -3.8394069574695152E-007
   7.9085254469518380E-006
  -9.5684566256222427E-006
  -3.6506042388299853E-006
   3.7305717374073837E-006
   1.3013288465069410E-005
   1.1980848282129196E-005
   7.0928458988403324E-006
   7.9100265303220715E-006
   7.2198371704923665E-006
  -9.1786880261424467E-006
   1.5594282110896777E-006
  -1.1498454064902300E-005
   6.1860294185858786E-006
  -1.3298989262382752E-005
   1.3245296444830326E-007
  -1.5898227651511224E-007
   8.7136115807834487E-006
   1.1585218400315565E-005
   1.0031677220766200E-005
  -1.2825253454252649E-005
   9.0084304582129307E-006
   1.0925750704837006E-005
  -2.6656818322590582E-006
   8.3325195102124106E-006
  -1.3630024875560640E-005
  -3.3473730002767229E-006
  -7.8105392258857528E-006
  -1.6902522998096716E-006
  -9.0444659958416763E-006
   3.9243278404338215E-006
  -6.6415538620158681E-006
   8.1651992591700098E-006
  -5.7242030952889874E-006
  -1.3749113048172569E-005
   9.0973510512501465E-006
   4.6154060247241731E-006
   7.6367568776916986E-006
   6.8633613413142565E-006
   1.3513492550110227E-005
   8.8116493002624897E-006
  -1.2227729766491231E-005
   1.1931114166654176E-006
  -3.9692697424809987E-006
  -4.9460677975709730E-006
   7.2724494750470332E-006
  -4.4715442544575063E-006
  -3.1067933957815890E-006
  -1.2600114790575464E-005
  -1.1660700768594229E-005
  -1.9134883832304297E-006
  -1.7080030398161248E-006
   4.6041374090299673E-006
  -9.9111613977062151E-006
   1.1976375549596543E-006
   1.1843194931646659E-005
   1.0253166172843713E-005
  -7.6946153446476708E-006
  -1.1620085686909662E-005
  -7.8435907165859972E-006
   9.4933414219544685E-007
   3.0436401290342974E-006
   7.4444961359896103E-006
   8.1766757758646672E-006
  -5.5704679348494946E-006
  -4.1253547564301836E-006
   1.3603729213700760E-005
   8.9363860858362315E-006
  -4.8921346540914184E-006
  -1.2944007840854678E-005
   1.3750843013378162E-005
  -1.1629511803829223E-005
   2.0050659129064452E-006
   1.3843742335653379E-005
   9.8537902583246961E-006
   7.5109329033999986E-006
   1.3998245203915641E-005
   4.7740211366283959E-006
   5.1758460867857604E-006
  -1.3365058865182251E-005
  -3.6740560438855213E-006
  -6.4957094028503986E-006
  -1.3890464747644791E-005
   1.0081018422423852E-005
  -5.0206556193431061E-006
  -4.2028131378874520E-006
  -5.0537471643645384E-006
   3.7195968534018894E-006
   2.9112815783430800E-006
  -8.6061248562013110E-006
   5.9939956513705220E-006
   1.3405860867032361E-005
  -6.4991206958715710E-006
   1.0936712237402104E-005
  -3.1552324215381984E-006
  -1.3717770541843009E-005
  -9.6882858031761485E-006
  -1.3993170702890855E-005
  -5.8910026401559450E-006
   1.1345165224041758E-005
   9.0557346115358820E-006
   1.1031133623882463E-005
  -1.1885191887412209E-005
  -6.6229419541038743E-006
  -1.3112055745398660E-005
  -1.0412307712969263E-005
  -8.3840570238152010E-006
   6.2548560938271471E-006
   1.5462770422996390E-006
   9.4935283421200122E-006
   5.6902904366832024E-006
  -9.0692195663358201E-006
  -1.0074249242143091E-005
  -1.1548568696428604E-005
   1.3500167812595040E-005
  -2.5076541837322584E-006
  -7.6838006779269283E-006
  -6.4062013464357597E-006
  -1.1542066544955763E-005
  -1.1533788651910256E-005
   3.0836410444606485E-006
   1.0981346102645860E-005
  -2.6108808451537650E-006
   1.0268873188795267E-005
   1.3694259608980006E-005
   1.1220470400137832E-005
   1.0369029972600013E-005
   6.6584434341167807E-006
   5.0070381038135221E-006
   7.1196689425958529E-006
   5.0215034358082507E-006
  -4.2196760071075727E-006
  -1.3037434545025537E-005
  -6.2010497890313543E-006
   7.8858222762327908E-006
  -1.1757411927102498E-005
  -9.4962386845203958E-006
   6.7776527233665874E-006
  -9.1638812787433067E-006
   1.3194461789196952E-005
   9.2062644726060260E-006
   4.3035831342760986E-006
   8.9733829271734875E-006
   7.5836982535580806E-006
  -1.1453165979079141E-005
   1.2180051772837193E-006
  -1.1202959986058507E-005
   1.1919864624446250E-005
  -1.2926303830889611E-005
  -1.0070711110438156E-005
  -1.2123001068025177E-005
  -1.0494866344657795E-005
  -2.0474033304020926E-006
   5.3255023821842818E-006
   3.5041656405668947E-006
  -1.3248640980649518E-005
  -1.3098170247386842E-005
  -1.8110895111134737E-006
  -1.3859188998517212E-005
  -4.7652492402882381E-006
   4.1257018938804790E-006
   3.3832206640656108E-006
  -7.8098850053063499E-006
  -6.9871425452253718E-006
  -2.9721174165073553E-006
  -3.9940967458973204E-006
  -5.5159339765521211E-006
   1.1502172441052580E-005
   6.8445281809614150E-006
   1.2936344114067386E-006
  -7.3981666378155654E-006
   1.2247943847250743E-005
  -2.3223295153158808E-006
  -2.2949056567425413E-006
  -2.4744090971462723E-006
   4.1356964006911828E-006
   3.2057418742304986E-006
  -2.5779828960180743E-006
  -7.2429628189325150E-006
  -7.6911706730255084E-006
   4.0532436268515045E-006
  -3.5918445496472846E-006
   1.3960573161164074E-005
   2.8584022449804937E-006
   2.5981235438554077E-006
  -7.6760501667770629E-006
  -1.0473510715744427E-005
  -1.3971394503605014E-005
   4.3289642224688535E-006
  -2.0738258309457337E-006
  -3.1123742978671079E-006
  -1.0652586910055487E-005
  -2.3269824922938793E-006
   8.8793220295838200E-006
  -7.7760524553429407E-006
   1.2798824277988809E-005
   5.3016891345637404E-006
  -6.6905669997095046E-006
   3.3584346686447910E-006
  -1.0777416202037687E-006
   1.2345161406819745E-005
  -6.9606733146403447E-006
  -6.8166446513687282E-006
  -9.1425723798713252E-006
  -3.0682744902391914E-006
  -1.3658029521791204E-005
   1.0772356006127611E-005
  -4.7558698534100633E-006
   6.2962913354217519E-006
   8.6579093714514270E-006
   5.7095432137342032E-006
  -1.2293345420317267E-005
  -6.0447311248752397E-007
   1.2823377576877014E-005
  -6.0261659470046318E-006
   6.9273071114164808E-006
  -1.2203657119457282E-005
  -1.4024486506339622E-006
   9.0869903335028673E-006
  -2.2343635502669774E-006
   2.8408584523001781E-006
  -5.9526729433449690E-006
  -1.4327764474934271E-006
  -6.5505037142354937E-006
  -8.8504628911679128E-006
   1.3450168575660729E-005
   2.6709823540962616E-006
   1.1431014985787899E-005
   9.9464683281590659E-006
   2.2490234318217617E-006
   1.0015783284649101E-005
  -1.0190433476468894E-005
  -4.0534505741776422E-006
   4.3725700268021188E-006
  -1.3976187670707171E-005
   2.3541259706189033E-007
  -1.2756179777364055E-005
  -9.2711801294855867E-006
   6.1333770597100240E-006
   5.0459365717328911E-006
  -3.5913839249536233E-006
  -6.0294904556632304E-006
   1.0653381320759048E-005
  -7.3827590755986064E-006
  -7.0413894475542319E-006
   1.0083614323906556E-005
   3.2975654518795257E-006
   1.0406932804535567E-005
  -9.7689151517274617E-006
   6.2385005793420736E-006
  -1.1267374010248904E-005
  -5.0556697717815593E-006
   1.5495214423158618E-006
  -2.0141982981372944E-006
   5.5177097181247862E-006
  -5.1120061745323899E-006
  -3.4078416738301089E-006
   2.7324600150738579E-006
  -1.0300582859735716E-005
  -7.2897729689608151E-006
  -1.2377860038023810E-005
   3.9297161003079128E-006
   1.5638608893011425E-006
   1.1748352021119512E-005
  -1.3676000560564191E-005
  -7.3606157117018763E-006
  -1.2733869520462375E-005
  -2.3505210817119891E-007
  -6.3518810111847217E-007
   1.0241603825460795E-005
   6.6400527786456345E-006
   5.6808910226444336E-006
  -1.3449059452433549E-005
  -1.0462168667128044E-005
   1.2602865187297035E-005
   1.3034637418262579E-005
   1.3402168240088559E-005
   4.6535911442566712E-006
  -4.2001428498082563E-006
   5.8000659796189364E-006
   1.2165658920090328E-005
   1.1814563721391797E-005
  -4.7546214937330394E-006
  -4.5581817511870099E-006
   1.0588073703736434E-005
   1.0363121006550478E-006
   3.1646652141779572E-006
   3.3882293615627307E-006
  -1.3997409785216578E-005
  -1.1210363359758077E-005
  -1.2195866553986229E-005
  -8.6854924936352043E-006
  -1.3759073222707969E-005
   9.7167968504674462E-006
  -1.3548100437290917E-005
   1.4585580788980613E-006
  -3.0764589232019262E-006
  -1.1086835833214485E-005
  -3.5110416323708236E-006
   2.4211578308012266E-006
   1.0326177570974806E-005
   2.3998947082963171E-006
   4.6394519688773301E-006
   1.4779577217934178E-006
  -1.2326884238591965E-005
  -7.1566591082129110E-006
   2.2548847141555962E-006
   3.2530784524801258E-006
   1.2087526290893063E-006
   5.3204822405953939E-007
  -6.7812232799981977E-006
   4.8673877593174725E-006
   1.3206390347516445E-005
  -8.3866138246510308E-006
  -6.1685256802267510E-006
  -4.7456893801081299E-006
   4.4155807383634491E-006
   1.0954357119559704E-005
  -1.0583519908887091E-005
   8.0302371776015766E-006
  -6.2631473383130496E-006
   4.7806434510648012E-006
  -7.9034051695599803E-006
   1.3706441844667022E-005
   4.2610854994956995E-006
   1.3981742823586212E-005
  -4.6503667714010424E-006
   2.7178459098861456E-006
  -2.2550716343211399E-006
   1.0477828953038212E-005
  -5.8855285495935938E-006
  -9.1992158657512634E-006
  -1.0815467807166225E-005
   1.3710266078666156E-005
  -1.5226650199593513E-007
  -5.6036662913940948E-006
   1.4751605950304603E-006
   1.3516551937309534E-005
   1.3781877482904300E-005
  -9.9924449668369313E-006
   1.3009963956410811E-005
   6.8692169016022070E-006
   9.5376682040691167E-006
  -2.7530269553295485E-006
  -3.7918624782194363E-006
   1.3499574627171733E-006
  -1.2542877165597904E-006
  -3.0458974761355317E-006
   4.4333114512093083E-006
  -1.2974395719195925E-005
   6.5170440509288580E-006
  -5.9413642733295753E-006
   1.5489540060990327E-006
   1.3152570691280256E-006
  -1.0037733052660090E-005
  -2.0170555063820338E-006
   3.9263915916493142E-007
  -3.6446428206931810E-006
   6.0463065948419652E-006
   9.0201453934860877E-006
   1.4979314766258014E-006
  -1.2124643295193882E-005
   8.7173957604613946E-006
  -9.8552789439288477E-006
  -9.2065391308084575E-006
   6.7947215862385318E-006
   7.4741496851090782E-006
  -8.7325830239118199E-006
  -5.1980228292834805E-006
  -1.0148082707532851E-005
   1.3869115794451622E-005
  -1.9372072170938852E-006
   6.7295875379410654E-006
   8.3599109438590741E-006
   4.3946933635382549E-007
   9.2404651408546385E-007
   9.7369117490983016E-006
   4.5223007087971320E-006
  -1.3547773327001215E-005
  -4.5345964317275141E-006
  -9.2483291392478698E-006
   4.4938411599187902E-006
   6.8451957529812139E-006
   1.0896858187820109E-005
  -8.2181653768951700E-006
   8.4316139008313619E-006
  -5.9051084369342961E-006
   1.0829452487306698E-005
  -8.6567001124212770E-006
   2.6001663142359924E-006
   8.2093333990732303E-007
  -1.2539986578752175E-005
  -6.9293975655127654E-009
  -1.3691434825661942E-005
   3.7357330227947433E-006
  -1.1592648476895927E-005
   3.7676353359466196E-006
   1.4298725092073018E-006
  -5.5538854458776895E-006
  -8.4208535935465173E-006
   2.3766555726128027E-006
  -1.6775484042728982E-006
   1.3964599574117775E-005
   9.8115596523522166E-006
   9.7050952666346852E-007
  -1.1608983964220406E-005
  -4.9056463117721485E-006
   4.5177345161817074E-006
   5.8146400304854608E-006
   2.9193115160669469E-006
   1.1713867157925328E-005
   9.0052127610774999E-006
  -1.1696329087290897E-005
  -5.7223205421931544E-006
  -1.0188898060823357E-005
  -3.1244506757052704E-006
   1.0698842975307354E-006
   3.7948875331434394E-006
   6.7437057324854985E-006
   1.2638294188062078E-005
  -7.6702155873240203E-006
  -7.5778770255454340E-006
  -1.0647473308383827E-005
  -1.3253006901659003E-005
   1.0084930394459873E-005
   1.0915931674100078E-005
  -7.1468992052834508E-006
  -3.5844745545487045E-006
   1.1149974794847067E-005
  -6.8428802317468257E-007
  -2.3745603501449481E-006
   9.7335281126322351E-006
  -1.3303929295329264E-005
  -2.1649160330472960E-006
  -1.0506054851709625E-005
  -1.3776229823616801E-005
  -7.0066289724833022E-006
  -1.1291500063044437E-005
   1.8373918486935511E-006
  -9.8544311274637031E-007
   2.2444381657200571E-006
   1.3878635371453955E-005
  -3.3395824348056696E-006
   7.6949615284236522E-006
  -3.7399787808406644E-006
  -1.1656087845937418E-005
  -4.9363479489627007E-006
   1.5537605246415849E-006
   9.7575187436751802E-006
  -5.4158382279034713E-006
   8.6374282618839962E-006
  -1.3652295078141132E-005
   1.3665046657393605E-005
  -9.5644912478246372E-006
   1.3671707118802570E-005
  -1.0376646015671604E-005
  -9.6287183518494910E-006
   4.7296409487521639E-006
   8.1889457495885713E-006
   1.3820495570575353E-005
  -2.4774599012767533E-006
   8.9308662189068085E-006
   3.5334396273093913E-006
  -6.0365066375913171E-006
   1.3855716670339944E-005
   9.5157394168930362E-006
   5.6451415873098876E-006
  -1.2982192960387176E-005
  -1.3811143840252284E-005
  -5.3359031542527489E-007
   5.7810058447793633E-006
  -1.3387422527845515E-005
  -4.1248741045759284E-006
   7.9159545698578859E-006
  -1.0742502185402203E-005
   1.0760826083671370E-005
  -3.8697814843703660E-007
  -9.3247928383956378E-006
   9.3895206214353408E-006
